14
73
82
104
125
126
131
132
275
320
321
324
327
358
373
381
387
473
485
527
550
571
651
693
733
775
785
788
905
921
973
1010
1024
1080
1084
1101
1121
1142
1154
1196
1198
1272
1290
1298
1302
1306
1384
1496
1497
1605
1615
1795
1837
1854
1942
1944
1945
1951
2033
2047
2066
2147
2201
2224
2239
2241
2629
2673
2733
2742
2749
2801
2829
2857
2880
2889
2898
2913
2918
2990
3007
3012
3013
3091
3115
3116
3151
3174
3186
3196
3613
3646
3682
3688
3696
3708
3716
3720
3751
3938
3953
4008
4038
4045
4124
4166
4175
4254
4478
4486
4580
4582
4627
4703
4714
4731
4733
4760
4919
4948
4957
5026
5074
5116
5137
5170
5189
5202
5218
5313
5315
5479
5499
5521
5524
5527
5576
5593
5714
5780
5790
5797
5883
5903
5908
5947
5948
5979
5980
5987
6018
6122
6165
6195
6199
6223
6492
6532
6557
6565
6631
6642
6676
6709
6728
6729
6809
6819
6857
6882
6896
6935
6938
6988
7038
7046
7059
7186
7290
7306
7318
7384
7391
7405
7442
7474
7479
7495
7503
7518
7726
7730
7738
7775
7867
7905
8013
8036
8200
8323
8333
8339
8343
8345
8346
8351
8353
8355
8361
8365
8367
8369
8411
8446
8460
8476
8491
8499
8542
8573
8577
8648
8658
8727
8751
8764
8803
8867
8874
8896
8904
8925
8927
8929
8968
8995
8997
9049
9054
9098
9134
9138
9145
9223
9320
9360
9373
9515
9551
9575
9584
9600
9631
9632
9648
9651
9669
9685
9699
9722
9724
9789
9793
9844
9889
9990
10060
10067
10095
10107
10109
10137
10153
10190
10231
10234
10242
10243
10263
10269
10291
10293
10326
10345
10352
10367
10463
10620
10712
10745
10773
10781
10785
10829
10864
10898
10905
10913
10999
11013
11146
11174
11190
11252
11333
11345
22849
22871
22880
22934
22998
22999
23011
23045
23053
23085
23092
23140
23161
23179
23190
23233
23272
23317
23331
23332
23383
23384
23398
23518
23529
23554
23563
23609
23635
23637
23683
23729
23731
23732
23762
23774
23780
24149
25798
25833
25942
25953
25956
26010
26018
26024
26051
26053
26115
26191
26225
26246
26247
26251
26995
27130
27197
27233
27250
27297
27429
29080
29119
29904
29922
29999
30851
49855
50848
51002
51005
51028
51043
51086
51105
51117
51230
51234
51264
51276
51282
51382
51447
51455
51471
51475
51517
51531
51614
51626
51635
51652
51741
53358
53944
54039
54212
54407
54437
54477
54513
54536
54542
54557
54665
54674
54881
54887
54926
55000
55040
55094
55161
55225
55229
55245
55296
55316
55363
55379
55454
55471
55619
55656
55660
55662
55755
55805
55818
55832
55835
55840
55847
55858
55901
55971
56171
56478
56683
56965
56987
56995
57010
57082
57122
57162
57171
57175
57181
57478
57571
57579
57580
57630
57657
57684
57706
57733
57828
60412
60495
60558
63891
63892
63946
64105
64114
64123
64132
64398
64418
64430
64771
64848
64922
64976
65010
65217
65986
66036
79012
79172
79258
79269
79346
79550
79568
79571
79591
79611
79631
79663
79675
79741
79768
79807
79839
79871
79886
79913
79947
79964
79977
80006
80122
80128
80148
80153
80157
80173
80194
80221
80224
80307
80731
80746
80816
80832
80833
81169
81340
81343
81421
81462
81466
81607
81615
81849
83652
83656
83874
83891
83903
83942
83943
83989
84060
84062
84073
84081
84083
84129
84182
84190
84191
84216
84223
84276
84312
84527
84622
84649
84695
84759
84775
84895
84925
85415
85461
85464
89782
89795
89869
89870
89978
90550
91137
91531
92014
92482
92521
92597
93627
93661
112846
114112
114788
114793
114821
114882
115110
115294
115648
115727
116936
116937
116938
117583
119548
119750
121328
122199
122402
124216
126823
127391
127579
128646
129446
129450
129530
130013
130271
130940
130951
131873
132299
132789
132864
133185
133482
135644
136332
136991
137133
139324
139587
140692
140695
140696
140826
140873
140894
140901
143570
146177
146956
147719
147965
149095
150159
150291
150864
151188
151306
151525
151534
151742
152110
153129
153778
154075
154807
154881
157739
157807
158056
158677
158730
163115
163255
165055
165545
169044
170384
196527
196752
196996
200095
200403
200624
201780
202051
202052
203238
203447
203522
204962
206227
219453
219464
219988
220323
221002
221458
221692
222234
222235
253430
253769
253959
254827
255119
255743
256076
256144
256435
257106
260425
282776
283310
283450
283580
283726
283807
284058
284443
284521
284992
285331
285343
285429
285989
317761
326340
326608
326617
338645
338756
338821
340061
341676
341883
342374
343221
343492
343705
343981
344387
346329
347421
347730
349386
374355
374403
374618
374786
374864
375295
375298
375337
375757
387642
387870
387927
387940
388300
388474
388538
388544
388585
388586
388641
388929
388960
389053
389095
389206
389232
389316
389333
389409
389427
389654
389657
389668
389997
390586
390683
390844
390927
391191
391277
391334
391356
391448
391705
392217
392537
392548
399975
400221
400655
400692
400693
400754
400962
401048
401062
401157
401242
401262
401367
401583
401610
401905
402059
402097
402282
402364
402426
402538
407738
439940
439983
439984
440107
440555
440715
440824
441009
441138
441146
441158
441245
441247
441278
441467
441497
441657
441682
441883
441915
441918
441937
441968
441996
442008
442038
442060
442173
442181
442203
442256
442285
442333
