1	55500000	55600000	3.006	24	14	16.7	-3.76321	rs4367813(-2.699) rs9326036(-2.699) rs1399134(-2.344) rs2671232(3.006) rs748284(2.949) rs1165481(2.873) rs2767518(2.873) 400754	
1	64600000	64700000	3.37	25	11	7.3	-4.089	rs2500232(-2.779) rs310240(-2.747) rs310238(-2.616) rs2483616(-2.608) rs2478150(-2.419) rs3790528(3.37) rs310211(3.303) 3716	55225	
1	76800000	76900000	2.602	21	12	20	-3.74233	rs1933393(-2.524) rs1883778(-2.465) rs2143582(2.602) rs1522621(2.459) rs4949762(2.323) rs858593(2.268) rs1933398(2.224) 81849	
1	78800000	78900000	-3.23	32	13	12.6	-4.10825	rs7552978(-3.23) rs10158148(-3.229) rs1352555(-3.101) rs1489391(-2.756) rs1387422(-2.62) rs1387424(2.492) 64123	
1	117300000	117400000	2.885	27	11	2	-4.63215	rs10923289(-2.505) rs3767799(-2.468) rs11581669(-2.449) rs2211129(-2.334) rs10923312(-2.166) rs12134265(2.885) rs10923303(2.853) 10905	
1	118900000	119000000	3.32	24	15	3.6	-4.29688	rs1325940(-2.653) rs2765529(-2.593) rs7525871(-2.584) rs2765542(-2.516) rs2298079(-2.034) rs2794311(3.32) rs2645302(3.175) 10352	
1	159200000	159300000	3.088	21	11	27.3	-3.57671	rs885148(-2.455) rs4657140(-2.082) rs7521236(-2.077) rs6670339(-2.07) rs6672881(-2.064) rs10494366(3.088) rs1415259(3.088) 9722	
1	183700000	183800000	2.763	24	14	1.1	-4.93362	rs2223784(-2.441) rs1108635(-2.313) rs1569879(-2.233) rs7542810(-2.226) rs10798049(-2.226) rs11801617(2.763) rs12723621(2.761) 441918	
1	191600000	191700000	3.452	22	11	27.9	-3.631	rs10801298(-3.066) rs4390154(-2.941) rs6428232(-2.811) rs4291483(-2.762) rs6683050(-2.482) rs4417046(3.452) rs4545315(2.864) NA
1	191700000	191800000	4.083	27	14	7.6	-4.15544	rs4129609(-2.899) rs6428237(-2.864) rs10921579(-2.864) rs4381164(-2.861) rs2494333(-2.839) rs10494706(4.083) rs6699952(4.051) NA
1	216900000	217000000	3.036	24	12	17.2	-3.72717	rs4846580(-2.763) rs1776018(-2.501) rs1416008(-2.139) rs10779377(-2.072) rs1416007(3.036) rs1338238(2.871) rs6662037(2.49) 440715	
1	245000000	245100000	3.537	13	9	29	-3.42038	rs7514393(-2.912) rs11576203(-2.795) rs2387370(-2.691) rs4517382(-2.432) rs6657700(-2.432) rs7511998(3.537) 284521	26247	81462	81466	391191	26246	
2	18400000	18500000	2.56	19	9	20.34	-3.52911	rs10185162(-2.551) rs4477920(-2.312) rs6721414(-2.246) rs7606861(-2.208) rs2345450(-2.003) rs1356314(2.56) rs921542(2.301) NA
2	43600000	43700000	2.364	25	11	7.5	-4.14648	rs6746632(-2.113) rs7575024(-2.091) rs7586101(-2.089) rs6746058(-2.006) rs7561287(-2.006) rs10203174(2.364) rs6717636(2.353) 63892	
2	73900000	74000000	3.108	17	12	6.1	-4.08065	rs2685277(3.108) rs11126414(2.754) rs7422534(2.676) rs11126416(2.676) rs2272051(2.67) rs2421674(2.637) rs2006997(2.637) 8446	388960	51471	51002	
2	74700000	74800000	3.731	11	8	10	-3.99918	rs6546909(-2.721) rs752070(-2.473) rs6707302(-2.439) rs2021725(-2.4) rs2231250(3.731) rs759075(2.725) rs2240443(2.225) 130951	27429	550	84759	3196	165545	84695	151534	400962	
2	76300000	76400000	3.058	28	15	7.2	-4.39075	rs2119424(-2.312) rs317294(-2.31) rs730148(-2.269) rs2422421(-2.194) rs1595968(-2.189) rs7562282(3.058) rs7601199(3.058) NA
2	80500000	80600000	3.206	29	15	41.6	-3.39303	rs1373540(-2.529) rs6547309(-2.475) rs469562(-2.473) rs9808084(-2.388) rs723525(-2.291) rs10496240(3.206) rs1978982(2.477) 1496	347730	
2	82000000	82100000	2.979	39	24	6.1	-4.20149	rs1432186(-2.364) rs10193768(-2.341) rs4487109(-2.268) rs4852638(-2.208) rs12467935(-2.188) rs9309591(2.979) rs9309587(2.888) NA
2	82100000	82200000	3.014	30	14	6.9	-4.22127	rs1829689(-2.156) rs2685713(-2.044) rs2685724(-2.044) rs2685726(-2.044) rs2711469(-2.044) rs4281925(3.014) rs10164696(3.004) NA
2	122200000	122300000	3.499	11	8	2.5	-4.28364	rs11885580(-3.375) rs6716602(-3.293) rs10496567(-2.942) rs7562207(-2.71) rs6713074(-2.513) rs756504(3.499) 23332	
2	122400000	122500000	3.315	16	16	1	-4.87506	rs287790(-2.99) rs192608(-2.984) rs4075344(-2.202) rs7599299(-2.199) rs10205427(-2.199) rs4848712(3.315) rs10496573(2.937) 23332	
2	135500000	135600000	3.497	16	13	28.7	-3.77219	rs842359(-2.675) rs842354(-2.609) rs6759065(-2.532) rs1516990(-2.509) rs621341(-2.118) rs6750788(3.497) rs4954155(3.482) 81615	
2	135600000	135700000	4.137	21	11	10.6	-4.02371	rs1568121(-3.13) rs6745983(-3.125) rs1104801(-2.477) rs1568120(4.137) rs4954160(4.133) rs11684785(3.505) rs6758396(3.422) 81615	
2	135700000	135800000	-3.417	11	9	8	-3.83036	rs6430538(-3.417) rs7599054(-3.417) rs4953936(-3.16) rs4954179(-2.615) rs6736792(-2.528) rs13033373(2.256) NA
2	135800000	135900000	4.357	20	19	11	-4.03045	rs6738563(-4.316) rs1446525(-3.285) rs2053727(-3.285) rs2166480(-3.285) rs1374291(-3.285) rs4954197(4.357) rs766270(4.357) 130013	905	
2	135900000	136000000	4.126	25	18	32.5	-3.5348	rs1374289(-3.694) rs1979033(-3.659) rs1947112(-3.119) rs3814355(-3.119) rs4344970(-2.623) rs1592(4.126) rs4640444(3.371) 905	80122	
2	136000000	136100000	-3.937	17	15	4.5	-4.47424	rs1869829(-3.937) rs4954220(-3.282) rs7573600(-3.279) rs2290518(-3.276) rs7568525(-3.267) rs2305595(2.967) rs2034840(2.94) NA
2	136100000	136200000	-4.531	20	18	2.5	-4.57205	rs6730157(-4.531) rs4954221(-3.328) rs7594509(-3.328) rs2305248(-3.317) rs6705610(-3.316) rs935615(3.657) rs11897608(3.012) 84083	
2	136200000	136300000	-4.105	13	13	2.9	-4.52862	rs935613(-4.105) rs4954237(-3.244) rs6758362(-3.244) rs4954236(-3.224) rs7572152(-3.224) rs10928535(3.571) rs6720787(3.012) NA
2	136300000	136400000	4.267	17	17	1	-4.96476	rs1561277(-4.259) rs6742013(-3.484) rs7602199(-3.297) rs6730002(-3.296) rs10496734(-3.296) rs6749387(4.267) rs9798267(3.854) NA
2	136500000	136600000	-3.093	12	12	7.3	-4.10183	rs6745996(-3.093) rs4953953(-2.633) rs4954265(-2.625) rs6732251(-2.624) rs6714849(-2.6) rs11892928(2.806) rs6761268(2.806) 23518	
2	136600000	136700000	4.896	23	22	9.6	-4.01378	rs1446585(-3.999) rs11679508(-3.656) rs313518(-3.625) rs313519(-3.625) rs625118(-2.878) rs313522(4.896) rs313528(4.896) 23518	
2	136700000	136800000	-3.622	19	19	15.1	-3.80016	rs745500(-3.622) rs892715(-3.603) rs12616520(-3.241) rs1438307(-3.228) rs10202489(-3.223) rs9677760(3.568) rs10496737(3.568) 3938	23190	
2	136800000	136900000	4.749	20	16	8.1	-4.1459	rs309168(-3.603) rs4988226(-3.603) rs218174(-3.599) rs309160(-3.594) rs632632(-3.524) rs3769005(4.749) rs2322725(3.291) 391448	4175	1615	3938	
2	136900000	137000000	-3.588	21	14	14.2	-4.00895	rs687670(-3.588) rs309134(-3.264) rs309137(-3.213) rs6716536(-3.069) rs6714750(-2.224) rs7587285(3.294) rs6430594(2.535) 1615	
2	137100000	137200000	3.971	23	18	12.3	-3.91604	rs4954577(-3.052) rs1519525(-2.922) rs6716987(-2.922) rs4954568(-2.806) rs4954564(-2.795) rs953387(3.971) rs7568884(3.773) 389053	
2	137200000	137300000	3.319	18	11	44.3	-3.39061	rs4954585(-2.456) rs4954599(-2.091) rs4954411(3.319) rs4074120(2.471) rs4954591(2.44) rs3936175(2.318) rs4954582(2.15) NA
2	137400000	137500000	3.898	21	10	11	-3.87786	rs10496746(-3.361) rs2033172(-3.047) rs7561441(-2.702) rs694510(-2.666) rs47150(-2.643) rs876338(3.898) rs10496747(2.334) NA
2	137500000	137600000	4.462	24	15	32.4	-3.55454	rs11686763(-3.142) rs1374113(-2.981) rs841437(-2.836) rs676263(-2.607) rs2060004(-2.447) rs1374112(4.462) rs4954630(3.902) NA
2	137800000	137900000	3.742	33	15	19.5	-3.74379	rs481799(-2.746) rs499067(-2.615) rs496928(3.742) rs543309(3.742) rs113906(3.742) rs579381(3.651) rs560628(3.55) NA
2	137900000	138000000	-2.626	24	13	10.2	-4.01354	rs510461(-2.626) rs476299(-2.569) rs483374(-2.561) rs522859(-2.561) rs572765(-2.561) rs4954453(2.271) 80731	
2	148000000	148100000	3.111	27	16	14.7	-3.81626	rs426379(-2.176) rs778101(-2.167) rs778110(-2.12) rs424872(-2.114) rs706628(-2.101) rs882186(3.111) rs373970(3.077) NA
2	152700000	152800000	3.199	20	13	7.8	-4.2341	rs6733811(-2.645) rs6730589(-2.205) rs6433575(-2.205) rs4077122(-2.201) rs4425075(-2.201) rs4413159(3.199) rs4664497(3.073) 4703	
2	152800000	152900000	2.816	19	10	15.2	-3.93226	rs4349344(-2.234) rs4309576(-2.228) rs4614931(-2.228) rs4274593(-2.204) rs4664502(-2.201) rs1916301(2.816) 26225	785	
2	158900000	159000000	3.176	22	13	35.4	-3.38559	rs1372114(-2.784) rs4363980(-2.783) rs1441134(-2.495) rs1441136(-2.33) rs2165436(-2.322) rs10201181(3.176) rs4664901(2.569) NA
2	160200000	160300000	3.061	22	17	20.7	-3.64909	rs2052415(-2.426) rs11675366(-2.275) rs11684089(-2.275) rs6709296(-2.069) rs998273(3.061) rs7586743(3) rs7564250(2.683) 85461	151525	
2	168100000	168200000	3.474	19	9	19	-3.70721	rs998899(-2.446) rs6720763(-2.263) rs6733384(-2.185) rs11694517(-2.185) rs1511202(-2.144) rs6742332(3.474) rs10497314(3.016) 129446	
2	170600000	170700000	3.419	25	11	5.3	-4.3322	rs2592813(-2.658) rs2592790(-2.533) rs1900383(-2.486) rs2683442(-2.486) rs2592801(-2.338) rs1050354(3.419) rs7369046(3.399) 9360	79675	
2	176500000	176600000	3.174	24	16	7.5	-4.07579	rs1879954(-2.28) rs2461741(-2.28) rs2437890(-2.197) rs2437896(-2.197) rs2437931(-2.197) rs12613238(3.174) rs2437923(2.312) NA
2	190200000	190300000	3.29	23	18	5.4	-4.24561	rs1546617(-2.207) rs12999125(-2.207) rs6732534(-2.17) rs1356162(-2.106) rs1965422(-2.104) rs10755002(3.29) rs939160(3.29) 1290	
2	196700000	196800000	-2.412	19	12	5.5	-4.24516	rs10165594(-2.412) rs4850636(-2.402) rs10931706(-2.402) rs2165059(-2.361) rs7014(-2.311) rs7603822(2.199) rs6434793(2.194) 57181	
2	196800000	196900000	3.836	22	15	4.5	-4.28214	rs2280452(-2.889) rs6733196(-2.856) rs1026628(-2.411) rs7567285(-2.153) rs1145936(3.836) rs6761517(2.833) rs6751817(2.798) 56171	
2	197700000	197800000	2.795	30	19	7.4	-4.0834	rs6434878(-2.644) rs4850723(-2.498) rs7562195(-2.498) rs10497789(-2.415) rs2680967(-2.369) rs1533660(2.795) rs7588414(2.756) 200624	284992	91531	
2	200000000	200100000	2.78	22	19	1.9	-4.68232	rs1026416(-2.433) rs1379011(-2.177) rs4453634(-2.177) rs6752114(-2.177) rs6759845(-2.177) rs4675253(2.78) rs6725590(2.78) NA
2	205700000	205800000	3.047	24	18	12.9	-3.85796	rs10804144(-2.104) rs6733714(-2.061) rs1477179(-2.061) rs7577059(-2.027) rs12694008(-2.022) rs7594540(3.047) rs6743771(2.422) 117583	
2	206400000	206500000	3.798	28	15	39.1	-3.52429	rs2193077(-2.674) rs1912845(-2.449) rs1398054(-2.445) rs4673328(-2.445) rs10490290(-2.445) rs907462(3.798) rs2160455(3.726) 117583	
3	10700000	10800000	3.189	31	14	51.1	-3.27587	rs2596834(-2.435) rs1369117(-2.417) rs892601(-2.215) rs171239(-2.135) rs1682821(-2.061) rs350660(3.189) rs3856784(3.055) 389095	
3	25900000	26000000	3.651	28	13	28.7	-3.64604	rs6788684(-2.439) rs6551011(-2.377) rs9871867(-2.048) rs7630442(3.651) rs9819197(3.108) rs9879649(2.734) rs1548008(2.734) NA
3	26000000	26100000	3.357	21	17	3.2	-4.56757	rs1106638(-2.331) rs1365513(-2.312) rs10470654(-2.312) rs6551031(-2.286) rs6772506(3.357) rs7633446(3.271) rs6551024(3.025) NA
3	68300000	68400000	2.412	33	15	23	-3.58818	rs262180(-2.344) rs262216(-2.301) rs262235(-2.162) rs1158994(-2.144) rs4855469(2.412) rs9822557(2.312) rs262211(2.294) 407738	
3	74700000	74800000	2.765	22	13	6.4	-4.04927	rs1527523(2.765) rs7628275(2.765) rs13097616(2.692) rs9846280(2.346) rs7630756(2.178) rs1527323(2.131) rs2178032(2.131) NA
3	83700000	83800000	2.761	32	14	12.2	-3.90569	rs11127824(-2.627) rs7432092(-2.382) rs6548908(-2.382) rs7629142(-2.102) rs6548904(-2.022) rs1917372(2.761) rs4856473(2.736) NA
3	88300000	88400000	2.584	26	11	20.6	-3.71158	rs4568140(2.584) rs7426742(2.584) rs6783980(2.456) rs9827820(2.444) rs1457994(2.393) rs4311221(2.38) rs9818625(2.38) NA
3	117300000	117400000	2.178	21	10	20.2	-3.75533	rs1993733(-2.133) rs2100807(-2.13) rs1030577(-2.124) rs7634137(-2.124) rs6775293(-2.088) rs2867100(2.178) 4045	
3	117400000	117500000	2.951	28	12	6.9	-4.12025	rs9822445(-2.229) rs1731607(-2.228) rs9869410(-2.212) rs6438315(-2.152) rs11924642(-2.145) rs1619451(2.951) rs1920175(2.553) 4045	
3	123800000	123900000	2.913	24	16	8.1	-4.10158	rs9812646(-2.719) rs6785639(-2.635) rs9289204(-2.611) rs974000(-2.606) rs6806333(-2.586) rs6774661(2.913) rs7620746(2.913) 84925	79663	
3	123900000	124000000	3.704	29	12	45.2	-3.3751	rs9810499(-2.586) rs1431542(-2.534) rs9289207(-2.516) rs4378918(-2.266) rs2276779(-2.178) rs6780615(3.704) rs2303983(2.382) 54437	84925	
3	125100000	125200000	3.09	15	11	6.2	-4.17047	rs1320186(-2.212) rs11926214(-2.147) rs1920619(-2.044) rs1920630(-2.044) rs10512620(-2.044) rs1343726(3.09) rs4678085(2.561) 8997	
3	131400000	131500000	3.562	27	13	34.2	-3.46537	rs1497307(-2.793) rs1566135(-2.702) rs1497309(-2.644) rs6774465(-2.608) rs924193(-2.389) rs10512768(3.562) rs10512767(2.921) 256076	
3	131500000	131600000	3.074	27	14	37.6	-3.40715	rs10934944(-2.955) rs1497319(-2.822) rs6791107(-2.763) rs9682426(-2.452) rs819093(-2.441) rs322117(3.074) rs9820079(2.722) 256076	131873	
3	133500000	133600000	3.264	35	17	6.3	-4.12886	rs754993(-2.301) rs9289430(-2.28) rs1500112(-2.253) rs3762672(-2.232) rs6439359(-2.228) rs2133692(3.264) rs1378811(3.264) 23317	84129	
3	199000000	199100000	2.899	12	8	10.5	-3.93117	rs6422711(-2.347) rs7373977(-2.234) rs7374380(-2.224) rs13327370(-2.154) rs12630618(-2.139) rs7431003(2.899) 89782	6165	84223	
4	30000000	30100000	3.18	21	11	17	-3.72305	rs10010931(-3.029) rs7662546(-2.681) rs6849592(-2.292) rs6852231(-2.292) rs2117460(-2.28) rs10022418(3.18) rs1583479(2.872) NA
4	34200000	34300000	3.139	25	15	37	-3.44968	rs10517307(-2.929) rs6830615(-2.294) rs1364911(-2.294) rs1946341(-2.195) rs4859319(-2.096) rs6820405(3.139) rs2162104(2.989) NA
4	34300000	34400000	-3.094	36	31	17.1	-3.74333	rs7656385(-3.094) rs10008623(-3.044) rs1480992(-2.96) rs10011680(-2.96) rs10002209(-2.893) rs1480978(2.934) rs10517317(2.931) NA
4	34400000	34500000	4.706	26	21	15.6	-3.84165	rs1480988(-3.484) rs1351440(-3.415) rs1842534(-3.415) rs4296690(-3.163) rs1380341(-3.046) rs2061462(4.706) rs6531319(2.896) NA
4	34500000	34600000	-2.862	19	17	8.2	-4.054	rs6846061(-2.862) rs1459460(-2.848) rs10032489(-2.848) rs1380339(-2.843) rs7696262(-2.784) rs7690587(2.661) NA
4	41800000	41900000	2.978	19	13	13.1	-3.87811	rs1532939(-2.295) rs6853727(-2.155) rs6831437(-2.088) rs3804186(-2.088) rs7688483(-2.088) rs4861151(2.978) rs7665313(2.861) 285429	55161	
4	41900000	42000000	2.9	36	22	5.5	-4.221	rs4438791(-2.264) rs4543157(-2.264) rs12643893(-2.264) rs12647092(-2.264) rs4861155(-2.252) rs2660322(2.9) rs2063105(2.827) 10463	285429	485	
4	42000000	42100000	2.912	25	11	30.6	-3.55476	rs13756(-2.396) rs7682049(-2.396) rs11051(-2.27) rs12511999(-2.27) rs13120844(-2.27) rs2343617(2.912) rs13108197(2.618) 10463	389206	
4	61100000	61200000	2.908	20	18	6	-4.14075	rs7662684(-2.891) rs4241633(-2.866) rs5017858(-2.523) rs3924779(-2.515) rs10031511(-2.515) rs2045254(2.908) rs717252(2.883) NA
4	61200000	61300000	-2.723	28	14	14.7	-3.81786	rs1869765(-2.723) rs1840588(-2.508) rs2168339(-2.508) rs1455706(-2.336) rs2334128(-2.291) rs10517499(2.27) rs1463351(2.116) NA
4	72200000	72300000	2.754	11	7	3.6	-4.30627	rs7685105(-2.048) rs10433674(-2.023) rs7692779(-2.022) rs1026677(-2.013) rs10446507(2.754) rs6845656(2.575) rs12649012(2.254) 92597	
4	81900000	82000000	3.75	21	16	8.4	-4.08371	rs967941(-2.941) rs5019005(-2.884) rs4693494(-2.883) rs7686715(-2.762) rs1471827(-2.721) rs11944437(3.75) rs6813764(3.34) 255119	
4	82200000	82300000	3.675	14	13	21.7	-3.5475	rs1493182(-3.282) rs10026120(-2.921) rs7439692(-2.859) rs10028057(-2.801) rs13131042(-2.801) rs10026644(3.675) rs1027294(2.795) 255119	
4	82400000	82500000	3.07	22	12	36.7	-3.4245	rs1495643(-2.432) rs2643925(-2.432) rs985328(-2.425) rs2903746(-2.325) rs1353387(-2.228) rs1106107(3.07) rs1994990(3.002) 5593	651	
4	107200000	107300000	3.625	18	13	16	-3.78811	rs2544398(-2.762) rs2544412(-2.569) rs2544413(-2.569) rs6533218(-2.569) rs2544407(-2.498) rs2544404(3.625) rs2553434(2.906) 79807	255743	
4	148700000	148800000	2.965	25	20	6.7	-4.12432	rs1395816(-2.005) rs1395819(-2.005) rs1507488(-2.005) rs1507502(-2.005) rs1857979(-2.005) rs1346597(2.965) rs2202702(2.833) NA
4	186900000	187000000	3.251	18	13	22.4	-3.60256	rs1288572(-2.764) rs3822302(-2.506) rs1288549(-2.458) rs3797029(-2.004) rs10000918(3.251) rs7664573(2.617) rs6820021(2.39) 83891	55805	
5	21700000	21800000	3.668	20	16	45.06	-3.34965	rs13354466(-2.98) rs12652874(-2.851) rs930085(-2.82) rs664327(-2.521) rs1428670(-2.518) rs574867(3.668) rs10520872(2.951) 1010	
5	21800000	21900000	3.821	21	19	19.69	-3.6641	rs9292995(-2.822) rs4701495(-2.77) rs1609716(-2.75) rs4492078(-2.735) rs4626307(-2.709) rs7715019(3.821) rs6884391(3.821) 1010	
5	21900000	22000000	2.967	17	12	24.93	-3.52606	rs7379403(-2.737) rs4277877(-2.653) rs2216674(-2.486) rs6452027(-2.353) rs3857321(-2.305) rs6452009(2.967) rs986729(2.823) 1010	
5	22000000	22100000	3.162	16	12	9.65	-4.06363	rs4701563(-2.12) rs7447336(-2.12) rs4340885(-2.087) rs6859598(-2.086) rs4518350(-2.086) rs6894722(3.162) rs4327574(3.162) 1010	
5	54900000	55000000	2.832	27	17	9.8	-4.09352	rs2161504(-2.243) rs4865615(2.832) rs7445349(2.69) rs2408025(2.69) rs933672(2.69) rs2042308(2.69) rs2897881(2.63) 153129	
5	93400000	93500000	2.419	11	7	1.2	-4.70091	rs10044139(-2.023) rs10060160(-2.023) rs12716456(2.419) rs10514380(2.419) rs10061080(2.375) rs12109629(2.341) rs10078194(2.341) 83989	
5	109800000	109900000	3.798	22	18	11.7	-3.89868	rs313615(-2.245) rs313617(-2.245) rs313607(-2.207) rs10061150(-2.035) rs6877527(-2.034) rs720402(3.798) rs1488602(3.057) NA
5	109900000	110000000	-2.812	11	7	10.5	-3.90173	rs313594(-2.812) rs313595(-2.7) rs6863917(-2.477) rs4317370(-2.428) rs7721004(-2.404) NA
5	110100000	110200000	-2.586	25	11	15.2	-3.81744	rs244431(-2.586) rs2443513(-2.498) rs27123(-2.476) rs244412(-2.336) rs151784(-2.314) rs4957918(2.41) rs6892259(2.408) 91137	
5	110200000	110300000	3.665	19	17	5	-4.07216	rs13354207(-2.633) rs7723767(-2.628) rs3844182(-2.628) rs1363800(-2.538) rs7712464(-2.538) rs6883714(3.665) rs1423156(3.566) NA
5	138800000	138900000	2.912	18	11	17	-3.75972	rs10900862(-2.127) rs9716069(2.912) rs10063870(2.847) rs4835726(2.844) rs1131769(2.553) rs11477(2.14) rs4835728(2.139) 202052	340061	202051	389333	
5	142200000	142300000	-2.891	25	13	59.4	-3.22128	rs185207(-2.891) rs35296(-2.556) rs252455(-2.255) rs417020(-2.255) rs452120(2.798) rs388940(2.48) rs371846(2.456) 23092	
5	146200000	146300000	3.599	27	15	27.6	-3.53937	rs1380014(-2.504) rs2446369(-2.504) rs11748210(-2.424) rs319217(-2.244) rs319204(-2.244) rs186459(3.599) rs319227(3.599) 5521	
5	146300000	146400000	3.554	21	16	12.5	-3.83843	rs577197(-2.431) rs6580445(-2.429) rs178549(-2.391) rs319166(-2.391) rs319161(-2.357) rs1126057(3.554) rs319156(3.315) 5521	
5	157200000	157300000	2.919	28	14	5.6	-4.33379	rs1187004(-2.576) rs1145588(-2.562) rs1145586(-2.562) rs10515754(-2.562) rs10515753(-2.459) rs1186981(2.919) rs1145589(2.919) 9685	
6	15600000	15700000	2.659	30	19	12.94	-4.11977	rs9370823(-2.554) rs2237120(-2.437) rs3778651(-2.427) rs2743553(-2.282) rs9296985(-2.278) rs13437303(2.659) rs9296978(2.659) 84062	3720	
6	28900000	29000000	2.706	19	10	1.7	-4.63732	rs2032500(-2.659) rs209126(-2.658) rs1002925(-2.632) rs209173(-2.548) rs3118370(-2.39) rs3131093(2.706) rs3132390(2.704) 5987	441138	401242	
6	30200000	30300000	-4.09	22	12	6.7	-4.10282	rs2157678(-4.09) rs4711211(-2.76) rs757259(-2.717) rs1419671(-2.694) rs757262(-2.677) rs2857440(3.304) rs929156(3.098) 135644	89870	10107	7726	
6	34600000	34700000	2.793	24	13	5.4	-4.14008	rs2814972(-2.529) rs2814992(-2.407) rs2395598(-2.406) rs2815004(-2.406) rs2744949(-2.403) rs2744966(2.793) rs2252551(2.769) 64771	
6	34700000	34800000	3.505	24	19	0.8	-5.21679	rs3800458(-2.695) rs4513788(-2.642) rs2814953(-2.622) rs2814947(-2.406) rs9380455(-2.393) rs2764208(3.505) rs2814968(3.505) 6631	64771	
6	34800000	34900000	3.46	29	16	4.6	-4.5739	rs7776219(-2.347) rs2296360(-2.338) rs7745097(-2.334) rs9296129(-2.325) rs998278(-2.315) rs9462026(3.46) rs6937314(3.46) 54887	6882	
6	39500000	39600000	3.711	24	13	10.1	-3.94567	rs9394612(-2.818) rs9369122(-2.648) rs1546910(-2.646) rs1328387(-2.617) rs1520(-2.593) rs9380874(3.711) rs11751847(2.261) 221458	
6	39600000	39700000	3.099	34	16	10.7	-3.98229	rs2446653(-2.834) rs9367021(-2.824) rs2466405(-2.716) rs2466408(-2.672) rs2446648(-2.672) rs10947823(3.099) rs10456473(2.885) 221458	
6	43300000	43400000	2.455	25	12	9	-4.04564	rs6919440(-2.342) rs9381237(-2.28) rs2841642(-2.251) rs2469(-2.177) rs9369407(-2.161) rs1214759(2.455) rs9472040(2.377) 24149	10864	401262	
6	46200000	46300000	2.435	32	13	61.9	-3.34138	rs1442224(2.435) rs9296481(2.435) rs2799367(2.435) rs768605(2.376) rs2584085(2.376) rs1442229(2.376) rs9381437(2.376) 10231	82	
6	91700000	91800000	-2.642	30	14	59.6	-3.20693	rs4492171(-2.642) rs1534777(-2.184) rs7766974(-2.151) rs9362805(2.452) rs2217724(2.451) rs9444814(2.434) rs7751490(2.434) NA
6	102200000	102300000	3.642	31	18	44.9	-3.37229	rs9322604(-3.094) rs9404136(-2.783) rs9498691(-2.67) rs4840196(-2.669) rs9390779(-2.496) rs9399728(3.642) rs9377299(3.207) 2898	
6	102300000	102400000	3.551	25	13	24.3	-3.6646	rs2791818(-2.67) rs10485276(-2.67) rs1556993(-2.65) rs1361444(-2.65) rs2852574(-2.65) rs2791812(3.551) rs2764218(3.551) 2898	
6	120000000	120100000	2.669	30	13	6.7	-4.1298	rs731487(-2.502) rs10457362(-2.502) rs12196884(-2.5) rs2884236(-2.498) rs10484866(-2.494) rs9285434(2.669) rs1986402(2.61) NA
6	121200000	121300000	3.393	39	28	16.2	-3.85633	rs951412(-2.946) rs12209951(-2.86) rs10484956(-2.434) rs11758100(-2.419) rs10456936(-2.395) rs10484955(3.393) rs10484954(3.365) NA
6	169600000	169700000	-2.307	19	9	2.1	-4.62458	rs9478022(-2.307) rs3006218(-2.293) rs3006200(-2.214) rs2997883(-2.21) rs4716360(2.254) rs7758376(2.216) rs9295002(2.109) 253769	
7	30600000	30700000	3.444	25	15	66.9	-3.17576	rs2040835(-2.498) rs4141290(-2.434) rs2158464(-2.341) rs4134403(-2.287) rs10247874(-2.199) rs882534(3.444) rs6462230(2.527) 84182	358	
7	31600000	31700000	2.976	27	12	35.1	-3.44996	rs2270219(-2.758) rs7808892(-2.687) rs3801348(-2.674) rs2191869(-2.43) rs2191873(-2.01) rs3779243(2.976) rs6462309(2.892) 5137	
7	36600000	36700000	3.338	30	14	13.9	-3.7827	rs7785934(-2.642) rs2041801(-2.531) rs2041800(-2.531) rs3778706(-2.502) rs759415(-2.478) rs6948439(3.338) rs3778708(2.933) 9844	10829	
7	68500000	68600000	3.399	21	19	1.5	-4.76933	rs2533435(-2.55) rs2533448(-2.336) rs2851507(-2.318) rs2533431(-2.282) rs2851484(-2.279) rs2533428(3.399) rs1468588(2.968) 26053	
7	97500000	97600000	3.695	16	14	2	-4.80463	rs6961129(-2.597) rs13008(-2.451) rs7807555(-2.205) rs6465666(-2.169) rs736753(-2.169) rs1859482(3.695) rs3801263(3.17) 55971	25798	
7	98600000	98700000	-2.148	14	9	3.9	-4.4085	rs883403(-2.148) rs2280600(-2.148) rs1980307(-2.134) rs2240384(-2.11) rs917154(-2.11) 10898	26024	9551	285989	11333	10095	8896	
7	102000000	102100000	3.044	22	16	5	-4.30373	rs10241865(-3.019) rs7800548(-2.843) rs1541519(-2.838) rs10279449(-2.822) rs6969054(-2.81) rs2159022(3.044) rs2009503(3.038) 222235	222234	
7	102100000	102200000	-3.049	15	10	3.9	-4.2928	rs1608651(-3.049) rs11514917(-3.042) rs847648(-2.99) rs869332(-2.972) rs10499952(2.993) rs6968713(2.906) rs955992(2.742) 10234	222235	
7	110300000	110400000	2.817	13	9	16.1	-3.77346	rs10487304(-2.469) rs10214984(-2.299) rs4730478(-2.294) rs4730481(-2.246) rs2189323(-2.182) rs2189322(2.817) rs769130(2.716) 54674	83943	
7	119900000	120000000	2.544	18	11	18	-3.74067	rs6466757(-2.34) rs4730979(-2.32) rs727228(-2.063) rs4730977(-2.031) rs7458164(-2.031) rs114420(2.544) rs2189974(2.544) 23554	3751	
8	50100000	50200000	3.429	60	34	11.3	-4.2167	rs7388651(-2.489) rs1904798(-2.41) rs715906(-2.41) rs4873330(-2.407) rs2170189(-2.407) rs7835937(3.429) rs1480396(3.346) NA
8	51200000	51300000	3.818	43	26	12.6	-3.87542	rs1868639(-2.849) rs1375945(-2.814) rs2167157(-2.812) rs4873142(-2.458) rs1450135(-2.408) rs4606075(3.818) rs12541772(3.319) 54212	
8	51400000	51500000	4.017	30	15	14.7	-3.7863	rs13276494(-3.093) rs1904996(-2.917) rs2392700(-2.849) rs1383819(-2.644) rs1383815(-2.319) rs310575(4.017) rs2086517(3.79) 54212	
8	51500000	51600000	4.267	46	33	22.8	-3.59463	rs996521(-3.068) rs1994032(-3.059) rs7464543(-3.058) rs11785733(-3.056) rs2625758(-2.97) rs996522(4.267) rs751629(3.291) 54212	
8	51600000	51700000	3.598	36	17	13.2	-3.88969	rs717509(-2.993) rs7822224(-2.463) rs1567311(-2.372) rs4242462(-2.311) rs906656(-2.301) rs2202797(3.598) rs7011647(3.382) 54212	
8	51700000	51800000	3.759	28	28	2.4	-4.53518	rs723595(-2.693) rs7815418(-2.693) rs6473400(-2.675) rs1484129(-2.673) rs4129906(-2.673) rs723597(3.759) rs7463955(3.639) 54212	
8	51800000	51900000	-2.708	40	29	7.3	-4.12873	rs1026939(-2.708) rs4355783(-2.694) rs4557716(-2.694) rs6473485(-2.586) rs6473486(-2.586) rs744204(2.636) rs975382(2.62) NA
8	51900000	52000000	3.463	41	37	8.2	-4.2112	rs6473534(-2.591) rs10092210(-2.579) rs4873491(-2.535) rs2219209(-2.483) rs7828653(-2.462) rs1471727(3.463) rs11998178(3.339) NA
8	52400000	52500000	3.737	41	18	34.1	-3.42439	rs4598242(-3.023) rs755311(-2.733) rs2979122(-2.721) rs1431618(-2.685) rs10755971(-2.675) rs1431632(3.737) rs7820615(3.329) NA
8	52500000	52600000	4.282	35	22	31.9	-3.44509	rs6984427(-2.694) rs10109681(-2.694) rs4873560(-2.597) rs6473629(-2.535) rs7831588(-2.529) rs4873566(4.282) rs6994137(3.846) NA
8	52600000	52700000	4.272	26	23	11.1	-3.85246	rs7845169(-2.765) rs10958297(-2.72) rs2976209(-2.532) rs9650178(-2.529) rs4873568(-2.529) rs4469447(4.272) rs7823666(4.233) 693	
8	52800000	52900000	4.111	51	49	10.9	-4.10994	rs6986544(-3.469) rs11774370(-3.469) rs2176121(-3.408) rs1013622(-3.39) rs10105030(-3.388) rs9298467(4.111) rs10958304(3.495) 115294	
8	52900000	53000000	4.514	55	38	49.9	-3.26465	rs6473673(-3.35) rs7008730(-3.244) rs2450144(-3.024) rs4147306(-2.869) rs7005809(-2.826) rs1399857(4.514) rs1399859(4.514) 389657	
8	71900000	72000000	3.24	100	35	3.7	-4.32296	rs7015180(-2.573) rs2956611(-2.394) rs2639924(-2.383) rs2732140(-2.373) rs2732146(-2.373) rs950903(3.24) rs6472558(3.24) 389668	
8	81400000	81500000	-2.322	27	12	27.1	-3.57026	rs400824(-2.322) rs445036(-2.248) rs562210(-2.248) rs378733(-2.158) rs446001(-2.107) rs10095089(2.233) rs10504722(2.102) 65986	
8	102500000	102600000	3.014	43	21	58.9	-3.33072	rs2507795(-2.401) rs579505(-2.012) rs1573279(3.014) rs1573280(3.014) rs4734560(3.014) rs4734559(3.014) rs2030784(2.959) 79977	
8	111500000	111600000	2.759	40	18	5.6	-4.21483	rs1552880(-2.649) rs9297434(-2.111) rs4599783(-2.103) rs4386954(-2.103) rs9297436(-2.103) rs7006232(2.759) rs1494236(2.759) NA
8	112000000	112100000	2.44	38	21	11.6	-4.03474	rs4332166(2.44) rs10091684(2.236) rs1896240(2.236) rs2217144(2.236) rs1896239(2.236) rs1529372(2.236) rs1529371(2.236) NA
8	114100000	114200000	-2.509	31	14	2.3	-4.64077	rs7836578(-2.509) rs2883875(-2.403) rs7834106(-2.394) rs7824290(-2.394) rs4437684(-2.376) 114788	
8	139500000	139600000	3.702	38	25	56.5	-3.24247	rs10096258(-2.829) rs7016460(-2.789) rs10089840(-2.26) rs4243897(-2.26) rs4073697(-2.241) rs4311658(3.702) rs4341165(3.348) 169044	
9	12500000	12600000	3.905	63	32	39.34	-3.37406	rs1325131(-3.422) rs791681(-3.306) rs10960716(-3.299) rs1408790(-3.235) rs713596(-3.234) rs962298(3.905) rs702131(3.316) NA
9	12600000	12700000	4.271	37	27	22.2	-3.64268	rs1408794(-3.542) rs1325122(-3.494) rs10960730(-3.419) rs995263(-3.382) rs10756393(-3.191) rs10960753(4.271) rs1325118(4.196) 7306	
9	33800000	33900000	-2.858	26	12	1	-5.01792	rs912732(-2.858) rs2050789(-2.435) rs10971778(-2.4) rs10971733(-2.27) rs7865944(-2.166) rs10971773(2.441) rs7856487(2.386) 54926	
9	37800000	37900000	-2.706	32	15	2.6	-4.73228	rs10814625(-2.706) rs2025439(-2.274) rs7037912(2.383) rs7020505(2.383) rs9886745(2.372) rs2181814(2.372) rs10973584(2.372) 79269	402364	92014	
9	89600000	89700000	3.76	24	18	12.9	-3.92317	rs1332381(-2.764) rs1412468(-2.764) rs1444289(-2.764) rs4492496(-2.764) rs7873364(-2.764) rs1838384(3.76) rs7856591(3.15) NA
9	97900000	98000000	3.615	19	10	3.8	-4.54237	rs7029559(-2.821) rs1417738(-2.498) rs1405209(-2.379) rs7026022(3.615) rs10988898(3.615) rs10988897(3.615) rs1526265(3.302) 8013	
9	103300000	103400000	3.676	31	14	48.2	-3.22455	rs395992(-2.711) rs327970(-2.586) rs390253(-2.508) rs327952(-2.508) rs167868(-2.352) rs399707(3.676) rs327974(3.417) NA
9	107100000	107200000	3.047	40	21	10.2	-4.02655	rs1044905(-2.729) rs7021366(-2.488) rs10512391(-2.454) rs1333344(-2.435) rs2297577(-2.425) rs3750454(3.047) rs12005034(2.463) 23731	8727	
9	107200000	107300000	-2.717	47	21	8.5	-4.03494	rs3750465(-2.717) rs7870597(-2.683) rs2271878(-2.68) rs7470160(-2.67) rs3750451(-2.485) rs11789183(2.589) rs11794020(2.557) 23731	23732	
9	121700000	121800000	3.493	27	15	8.4	-4.07985	rs4836937(-2.699) rs10760293(-2.655) rs7862469(-2.637) rs6478625(-2.637) rs1975064(-2.52) rs1475526(3.493) rs7857782(2.924) 441467	57706	
9	121800000	121900000	-3.218	26	18	8.9	-4.00185	rs7868740(-3.218) rs10986093(-3.197) rs7026674(-2.95) rs1857393(-2.742) rs10118767(-2.728) rs4838076(3.187) rs4838077(3.055) 441467	57706	
9	126400000	126500000	-2.703	15	10	17	-3.66993	rs7850697(-2.703) rs7030121(-2.533) rs2270204(-2.507) rs7869223(-2.505) rs7852856(-2.415) rs6478827(2.413) rs2240960(2.4) 26995	2801	375757	10999	51117	
9	126600000	126700000	2.367	22	11	10.2	-3.93718	rs10988014(2.367) rs10819406(2.125) rs10760564(2.123) rs945834(2.123) rs4837273(2.038) rs4837272(2.038) rs3924786(2.038) 2733	6709	4957	
9	127200000	127300000	2.965	82	41	19.9	-3.67101	rs2768630(2.965) rs1977447(2.965) rs3124509(2.873) rs7037163(2.866) rs7036114(2.866) rs7023900(2.866) rs10760589(2.863) 5524	1384	57171	84895	
10	6800000	6900000	-2.695	26	11	51.55	-3.26058	rs2501685(-2.695) rs4748366(-2.386) rs1867131(-2.335) rs10508313(-2.051) rs11254765(2.407) rs7079735(2.407) rs10508312(2.319) NA
10	58900000	59000000	-2.561	25	14	9.9	-3.963	rs7478060(-2.561) rs2393392(-2.506) rs9416638(-2.474) rs7477339(-2.462) rs6481370(-2.451) rs7094817(2.498) rs7474890(2.13) NA
10	59300000	59400000	2.602	27	12	2.6	-4.5423	rs1416763(2.602) rs2790178(2.602) rs2790149(2.5) rs2653505(2.5) rs2440845(2.5) rs2790244(2.5) rs1630731(2.5) 253430	55847	
10	65100000	65200000	-2.891	27	15	31.7	-3.50152	rs2578070(-2.891) rs2671519(-2.699) rs2256610(-2.29) rs2256778(-2.29) rs1866311(-2.186) rs2578020(2.836) rs7905127(2.512) NA
10	68400000	68500000	3.557	18	9	6.9	-4.03756	rs7083570(-2.235) rs10823026(-2.114) rs2620912(3.557) rs9299486(2.731) rs10823028(2.659) rs2894035(2.658) rs1904627(2.515) 29119	
10	73600000	73700000	3.148	25	18	4.6	-4.36804	rs12412815(-2.064) rs7093530(-2.063) rs1034290(3.148) rs10823936(2.771) rs10509343(2.75) rs4601686(2.75) rs11815614(2.75) 10367	
10	73700000	73800000	3.131	18	13	1.7	-4.81167	rs7920193(-2.003) rs3009526(3.131) rs3009524(3.131) rs3000976(3.131) rs3009557(3.029) rs3009565(3.029) rs3009559(3.029) 10367	90550	
10	74800000	74900000	3.094	19	9	1.8	-4.75647	rs7908825(-2.454) rs10824031(-2.219) rs11000760(-2.17) rs2894040(-2.119) rs3849967(-2.119) rs7923045(3.094) rs3849969(2.214) 196752	9632	439984	170384	23053	439983	2749	
10	83300000	83400000	3.454	16	13	34.8	-3.37206	rs7075126(-2.904) rs4933812(-2.731) rs7902158(-2.723) rs1040675(-2.516) rs910585(-2.516) rs10883898(3.454) rs2144468(3.115) NA
10	93600000	93700000	2.68	16	10	2.3	-4.75344	rs7088903(-2.152) rs11186875(-2.152) rs11186879(-2.142) rs11186884(-2.137) rs3781230(2.68) rs2421831(2.68) rs11186859(2.646) 22849	
10	100500000	100600000	3.087	24	13	7.2	-4.09567	rs2902259(-2.24) rs1342580(-2.125) rs10786508(-2.125) rs11189957(-2.12) rs2040023(-2.101) rs11189982(3.087) rs6584235(3.08) 60495	
10	112300000	112400000	-3.6	18	10	8.6	-4.03144	rs7079511(-3.6) rs10885070(-3.539) rs7915214(-3.468) rs1359849(-2.731) rs1410057(-2.487) rs10787292(3.51) rs7082572(3.51) 27250	92482	8036	
10	112400000	112500000	3.546	13	9	10.7	-4.04277	rs1327551(-3.44) rs10885077(-3.239) rs1927159(-2.765) rs1410054(-2.479) rs10885075(3.546) rs10787298(2.63) rs1327553(2.61) 8036	
10	113000000	113100000	2.74	22	11	4.8	-4.29068	rs1914087(-2.473) rs12779640(-2.466) rs11596757(-2.367) rs2419594(2.74) rs7392833(2.729) rs7908446(2.716) rs7905621(2.677) NA
10	117800000	117900000	-2.797	18	10	41.7	-3.37833	rs7087456(-2.797) rs1835665(-2.783) rs10885927(-2.761) rs7071948(-2.702) rs919613(-2.588) 119548	374355	
11	28400000	28500000	2.151	23	11	2.9	-4.56017	rs7111851(2.151) rs7932458(2.151) rs7479686(2.151) rs4244535(2.151) rs10835351(2.133) rs4359193(2.133) rs7123683(2.126) NA
11	119600000	119700000	2.679	31	13	66.8	-3.17648	rs7951628(-2.315) rs2847502(-2.28) rs4936512(2.679) rs731512(2.481) rs2096883(2.357) rs948404(2.293) rs7121784(2.25) 220323	25833	
11	121200000	121300000	3.349	26	11	36.2	-3.41469	rs472205(-2.468) rs474441(-2.466) rs543999(-2.466) rs621360(-2.413) rs481562(-2.35) rs568158(3.349) rs543959(2.464) NA
11	128600000	128700000	3.402	26	12	8.2	-4.07392	rs967257(-3.059) rs3900629(-2.621) rs4372462(-2.621) rs4451739(-2.621) rs4077032(-2.57) rs4334028(3.402) rs4468360(3.177) 399975	
12	2500000	2600000	3.228	30	23	54.06	-3.2472	rs2238090(-2.594) rs720721(-2.474) rs2370596(-2.467) rs7963955(-2.208) rs2283326(-2.194) rs11832738(3.228) rs2238092(3.198) 775	
12	2600000	2700000	3.566	22	11	22.05	-3.32555	rs1003306(-2.814) rs1420725(-2.796) rs758559(-2.691) rs740727(-2.641) rs216050(-2.568) rs216044(3.566) rs216026(2.856) 775	
12	18700000	18800000	3.271	33	15	40.34	-3.34767	rs1487064(-2.441) rs10841075(-2.174) rs1487070(-2.157) rs1550990(-2.13) rs2129504(-2.12) rs1543916(3.271) rs4764417(3.055) 89869	93661	
12	18900000	19000000	2.582	31	13	31.81	-3.50535	rs731566(-2.525) rs10841104(-2.403) rs10743289(-2.391) rs1490727(-2.315) rs10505834(-2.3) rs1873386(2.582) rs1490706(2.344) NA
12	19200000	19300000	2.818	14	9	7.45	-4.03771	rs10841164(-2.632) rs10841173(-2.483) rs969235(-2.44) rs10770448(-2.203) rs4764465(-2.133) rs4550272(2.818) 54477	
12	20000000	20100000	3.611	26	14	38.5	-3.39323	rs10505843(-2.374) rs10505842(-2.208) rs4558231(-2.187) rs2417821(3.611) rs3752728(3.611) rs2417836(3.276) rs2728565(2.793) NA
12	65900000	66000000	2.757	34	15	19	-3.93585	rs1252405(-2.359) rs1060350(-2.281) rs1152877(-2.28) rs775312(-2.239) rs1252407(2.757) rs1152898(2.756) rs775660(2.63) 121328	55832	
12	70400000	70500000	3.344	18	9	24.4	-3.55322	rs328742(-2.074) rs328745(-2.074) rs328753(-2.074) rs861488(-2.074) rs6582056(3.344) rs6582055(2.984) rs328723(2.143) 23011	
12	75300000	75400000	3.222	18	9	0.4	-5.32572	rs4264192(-2.481) rs11833763(-2.477) rs1553944(-2.414) rs10506718(-2.414) rs2137377(-2.414) rs4471487(3.222) rs11836952(3.167) 114882	
12	79200000	79300000	3.304	27	11	9.6	-3.99185	rs1451098(-2.498) rs1551122(-2.462) rs2053894(-2.388) rs10778728(-2.364) rs1451091(-2.346) rs2400713(3.304) rs1551118(2.818) 283310	387870	
12	80100000	80200000	3.269	26	11	9.9	-3.97827	rs1882189(-2.658) rs7132250(-2.3) rs2272501(-2.293) rs2272502(-2.269) rs10506274(-2.256) rs1921035(3.269) rs11114788(3.044) 8499	79611	
12	83100000	83200000	3.014	30	20	2.1	-4.64387	rs728084(-2.704) rs986802(-2.429) rs2956294(-2.429) rs2947150(-2.361) rs2929756(-2.361) rs2947121(3.014) rs7978094(2.953) NA
12	87400000	87500000	2.929	27	11	9.4	-4.02133	rs1022034(-2.22) rs3782176(2.929) rs11104952(2.847) rs7135958(2.652) rs7964695(2.652) rs7969188(2.648) rs10777125(2.644) 4254	
12	91700000	91800000	2.914	24	15	2.7	-4.51212	rs2120576(-2.281) rs7980951(-2.255) rs7960617(-2.238) rs4760500(-2.192) rs924328(-2.186) rs9888394(2.914) rs3782352(2.871) 8411	
14	33400000	33500000	-3.672	24	14	3.53	-4.28329	rs2254990(-3.672) rs4981258(-3.662) rs10136059(-3.318) rs2383692(-2.788) rs7153550(-2.284) rs2250579(3.468) rs2383694(3.296) 6729	441682	
14	38900000	39000000	-3.123	27	13	3.58	-4.41756	rs1958858(-3.123) rs1958859(-3.087) rs7157208(-3.008) rs1959250(-2.909) rs1959243(-2.855) rs10483500(2.297) rs4903866(2.189) NA
14	60100000	60200000	3.542	17	13	22.7	-3.62329	rs2256605(-2.975) rs2246350(-2.701) rs2284999(-2.684) rs810118(-2.681) rs2301113(-2.583) rs8005745(3.542) rs2301108(3.459) 400221	3091	
14	65500000	65600000	-2.28	17	12	0.9	-5.02865	rs9323491(-2.28) rs10138952(-2.28) rs7141519(-2.279) rs7161664(-2.279) rs9323490(-2.279) 10243	
14	79300000	79400000	-2.747	26	12	6.5	-4.18358	rs759916(-2.747) rs1025253(-2.691) rs8022411(-2.682) rs2217176(-2.681) rs228125(-2.48) rs8016507(2.366) rs12050342(2.366) 283580	
14	100300000	100400000	3.594	30	15	59.6	-3.2257	rs1741125(-2.67) rs941633(-2.664) rs2246204(-2.616) rs2720207(-2.583) rs1678035(-2.565) rs2749907(3.594) rs2256537(3.507) 326608	5527	
15	25800000	25900000	3.73	22	19	46.1	-3.32391	rs1375164(-3.118) rs6497253(-3.118) rs4778232(-3.065) rs3884517(-2.78) rs1597196(-2.574) rs1448488(3.73) rs7497034(3.713) 4948	
15	26900000	27000000	-2.886	11	8	15.58	-3.611	rs4424881(-2.886) rs8035421(-2.639) rs7165740(-2.478) rs1907001(-2.478) rs7181300(-2.379) rs902270(2.611) rs6493239(2.608) 321	
15	32200000	32300000	3.022	19	10	14.13	-3.78211	rs2244040(-2.39) rs6495646(-2.39) rs8035954(-2.33) rs4780233(-2.234) rs10851952(-2.197) rs8027499(3.022) rs2290942(2.52) 9990	79768	51234	
15	46300000	46400000	2.539	22	11	19.2	-3.67814	rs1426721(-2.237) rs11629667(2.539) rs971952(2.539) rs3784619(2.539) rs8033556(2.539) rs2413892(2.539) rs4775758(2.42) 6557	1854	
15	55000000	55100000	2.868	27	12	3.9	-4.38559	rs7496293(-2.452) rs2733171(-2.084) rs2585087(-2.084) rs2733174(-2.079) rs2585102(-2.079) rs2951903(2.868) rs2470082(2.866) 6938	
15	70200000	70300000	3.043	15	10	8.3	-3.98553	rs2052713(-2.29) rs2415134(-2.214) rs11637611(-2.164) rs1000281(-2.162) rs1037680(3.043) rs713048(2.911) rs2856929(2.753) 56965	5315	196996	
15	72500000	72600000	2.987	18	10	1.1	-4.90806	rs8026923(-2.168) rs2415242(-2.02) rs8028430(-2.001) rs4887159(2.987) rs4887163(2.987) rs7173006(2.833) rs6495108(2.833) 10620	
15	72600000	72700000	3.156	15	9	2.1	-4.71273	rs2068982(-2.174) rs6495117(-2.174) rs6495118(-2.174) rs11072496(-2.174) rs7161903(-2.162) rs11072495(3.156) rs6495119(2.295) 1198	10620	80153	
16	22100000	22200000	3.611	17	15	16.7	-3.77529	rs715462(-2.855) rs7191642(-2.721) rs4783358(-2.517) rs4261529(-2.504) rs6497580(-2.471) rs9937453(3.611) rs6497575(3.476) 390683	29904	146177	
16	78200000	78300000	-3.062	20	10	71.3	-3.1777	rs7200731(-3.062) rs1540757(-2.384) rs2738679(-2.331) rs2667543(-2.331) rs7197248(-2.244) rs3764342(3.025) rs3897139(2.824) 51741	
16	79600000	79700000	3.86	20	11	42.3	-3.35	rs11150215(-2.742) rs4888050(-2.54) rs4591156(-2.337) rs1134715(-2.155) rs4299168(3.86) rs4889035(3.78) rs12919529(3.302) 388300	
17	5200000	5300000	4.546	27	15	10.02	-4.05044	rs3890287(-3.593) rs9908414(-3.541) rs3893993(-3.048) rs9912347(-2.537) rs6502843(-2.19) rs8073787(4.546) 7775	9098	84622	
17	28500000	28600000	2.435	21	10	3	-4.53467	rs4294864(2.435) rs9898353(2.254) rs7220004(2.186) rs7219456(2.186) rs4547389(2.186) rs11653805(2.185) rs4528633(2.185) 374786	84081	
17	44600000	44700000	2.391	29	16	0.9	-5.15072	rs1107820(2.391) rs4548919(2.391) rs876944(2.391) rs12150447(2.39) rs1476554(2.373) rs3912061(2.373) rs974293(2.369) 284058	
17	44700000	44800000	2.312	21	11	0.6	-5.09743	rs2109092(2.312) rs2532292(2.312) rs2696684(2.312) rs2696657(2.269) rs2696666(2.179) rs1918793(2.146) rs2732606(2.098) 284058	
17	63800000	63900000	4.372	26	20	26.1	-3.61562	rs718597(-3.378) rs4790952(-3.304) rs2869590(-3.293) rs8081577(-3.257) rs7225676(-3.213) rs2869825(4.372) rs718596(3.272) NA
18	7500000	7600000	3.816	21	14	31.93	-3.45076	rs4798569(-2.922) rs523776(-2.87) rs524833(-2.627) rs4798573(-2.627) rs7245134(-2.405) rs489659(3.816) rs535937(3.32) 5797	
18	11900000	12000000	3.191	20	11	65.12	-3.1366	rs3974759(-2.24) rs585176(3.191) rs663749(2.747) rs662383(2.705) rs619671(2.584) rs664217(2.572) rs622863(2.443) 3613	
18	24400000	24500000	3.237	52	29	8.3	-3.96992	rs1354416(-2.272) rs1354417(-2.272) rs1354420(-2.272) rs1496485(-2.272) rs1910558(-2.221) rs1692516(3.237) rs1941331(3.16) 390844	
18	24800000	24900000	3.357	43	21	15.6	-3.73479	rs1813946(-2.369) rs1833432(-2.265) rs9951143(-2.22) rs1813198(-2.201) rs11083316(-2.201) rs1941899(3.357) rs11083317(3.336) NA
18	69000000	69100000	3.005	38	21	62.7	-3.23442	rs9963971(-2.799) rs9960154(-2.609) rs9949973(-2.381) rs4606821(-2.201) rs9944948(-2.194) rs1503023(3.005) rs4892082(2.936) 400655	
18	70800000	70900000	3.274	35	19	39.6	-3.52911	rs9952375(-2.359) rs2959167(-2.272) rs9964170(-2.272) rs7241108(-2.255) rs9945585(-2.255) rs9961644(3.274) rs4891218(3.045) NA
19	38200000	38300000	3.63	22	13	22	-3.68627	rs7246566(-2.817) rs7246814(-2.417) rs7508599(-2.406) rs6510332(-2.384) rs2216594(-2.283) rs8104789(3.63) rs9304844(3.212) 85415	55094	
20	21500000	21600000	2.942	19	9	28.1	-3.56174	rs4267569(-2.194) rs6035877(-2.194) rs4813430(2.942) rs6035893(2.921) rs910910(2.625) rs2424378(2.533) rs1014889(2.532) NA
20	21800000	21900000	2.659	21	14	3.6	-4.43205	rs6082558(2.659) rs6113418(2.659) rs987050(2.624) rs6515180(2.554) rs2328647(2.554) rs6106421(2.554) rs1535199(2.554) NA
20	34800000	34900000	3.251	14	10	9.2	-4.007	rs224378(-2.336) rs224390(-2.244) rs2236161(-2.244) rs224440(-2.238) rs1886695(-2.116) rs4281980(3.251) rs6060442(3.251) 11190	343705	140696	80307	140873	51614	
20	34900000	35000000	3.077	22	12	5.4	-4.32218	rs6121026(-2.244) rs6121015(-2.231) rs6058290(-2.231) rs3787168(-2.198) rs6060526(-2.198) rs6060518(3.077) rs6060558(2.324) 8904	6676	10137	9054	
20	54300000	54400000	2.801	23	15	54.1	-3.23287	rs6127379(-2.007) rs6127380(-2.007) rs159130(2.801) rs2021851(2.57) rs2208153(2.402) rs159136(2.388) rs6023821(2.388) NA
21	32900000	33000000	2.913	21	12	6.8	-4.50957	rs844974(-2.557) rs844975(-2.557) rs1783099(-2.554) rs2833935(-2.497) rs845024(-2.397) rs701734(2.913) rs2833931(2.9) 8867	56683	
21	46000000	46100000	-2.953	28	13	1.9	-4.7	rs12626379(-2.953) rs8127571(-2.669) rs4819147(-2.407) rs725930(-2.387) rs2838986(-2.311) rs2838988(2.474) rs2838989(2.237) 441968	
22	29000000	29100000	-3.212	38	23	9.05	-4.20011	rs4393834(-3.212) rs4823087(-3.089) rs1002189(-2.338) rs740223(-2.335) rs740220(-2.295) rs5753105(2.903) rs757868(2.901) 83874	10291	440824	
22	33300000	33400000	3.026	41	19	33.9	-3.54485	rs4821284(-2.488) rs909566(-2.297) rs2205810(-2.125) rs4821282(-2.058) rs4821280(-2.056) rs4821283(3.026) rs2205811(3.026) 402059	441996	
22	33400000	33500000	3.633	59	41	19.9	-3.79678	rs972716(-3.166) rs713820(-3.022) rs2006781(-3.018) rs2071712(-3.016) rs714029(-3.015) rs2071714(3.633) rs2213448(3.623) 402059	
22	48400000	48500000	3.246	33	15	17.3	-3.74433	rs138841(-2.526) rs1033665(-2.198) rs8139758(-2.187) rs2236139(-2.129) rs1569954(-2.122) rs910799(3.246) rs138867(3.127) 23774	9889	
X	35600000	35700000	3.07497	17	13	6.94523	-3.81347	rs4369139(-2.55321) rs6629069(-2.55321) rs4310353(-2.52577) rs6632562(-2.52577) rs6527543(-2.04914) rs6629071(3.08187) rs6632558(2.53127) 158730	
X	35800000	35900000	2.36409	14	11	1.98336	-4.18986	rs5929025(-2.30006) rs7058734(-2.22015) rs6527574(-2.2187) rs5973669(-2.11263) rs5929035(-2.04579) rs5929034(2.36962) rs12009741(2.30637) NA
X	66000000	66100000	3.73757	15	10	33.1336	-3.191	rs1343499(-2.94217) rs4562482(-2.93773) rs1115361(-2.91108) rs5919507(-2.04121) rs1936313(3.73757) rs2885905(2.11084) rs12057117(2.05849) NA
X	125900000	126000000	-2.44118	17	11	9.50198	-4.30818	rs649751(-2.44535) rs640272(-2.44389) rs656996(-2.44389) rs1089839(-2.44389) rs546562(-2.44243) rs5932326(2.19217) rs5932327(2.19217) 392537	
X	126000000	126100000	-2.4324	12	9	16.9078	-3.65508	rs4830069(-2.43657) rs5932368(-2.43365) rs1018641(-2.37512) rs1327681(-2.37512) rs5932394(-2.37512) rs1555997(2.1821) rs5932389(2.13076) NA
X	34100000	34200000	2.38492	21	10	1.9714	-4.22586	rs5928647(-2.05877) rs4500217(2.40349) rs4265344(2.40203) rs7065813(2.34125) rs4300140(2.19879) rs4567205(2.19733) rs5928639(2.19733) NA
X	34600000	34700000	2.85416	18	12	7.30154	-4.01461	rs5928779(-2.85038) rs4145188(-2.35134) rs5928799(2.91832) rs986606(2.91678) rs5928806(2.91678) rs11795773(2.91678) rs5927375(2.82927) NA
X	35700000	35800000	3.09419	21	13	6.89946	-3.74362	rs7886079(-2.53011) rs6527560(-2.52866) rs5973645(-2.52577) rs6418691(-2.44781) rs5973653(-2.44781) rs6632603(3.10112) rs5973651(2.90587) 158730	401583	
X	82500000	82600000	2.8921	19	17	9.43441	-3.73447	rs6524317(-2.22879) rs7881659(-2.22879) rs7889164(-2.22879) rs11797728(-2.22879) rs10521368(-2.22744) rs7060350(2.8921) rs11798440(2.89076) 139324	
X	83900000	84000000	2.74028	20	14	4.77468	-4.5215	rs5922203(-2.34388) rs5968749(-2.33914) rs5968719(-2.29614) rs5967658(2.73987) rs5967659(2.73987) rs5968733(2.72148) rs5968729(2.72148) 1121	158677	
X	97900000	98000000	3.49779	18	13	2.57326	-4.71161	rs923700(-3.12908) rs5967027(-3.10719) rs5921414(-2.66795) rs4827980(-2.46803) rs6523303(-2.16485) rs5967028(3.49878) rs6523307(2.94288) NA
X	125800000	125900000	-2.53259	20	12	4.72534	-4.6344	rs2880277(-2.53259) rs5930218(-2.53259) rs4539034(-2.50297) rs803232(-2.479) rs803239(-2.47336) rs5932303(2.41938) rs5932306(2.41938) NA
X	29700000	29800000	2.55118	27	12	12.0472	-3.61956	rs1476805(-2.32331) rs2532911(-2.31449) rs2764765(-2.31449) rs2532913(-2.17594) rs2764761(-2.13651) rs2159436(2.56238) rs5972107(2.34387) NA
X	34700000	34800000	2.92196	30	20	11.4824	-4.01813	rs4144395(-2.10746) rs5928837(-2.10746) rs5928813(-2.09563) rs1999540(-2.06458) rs2044093(-2.0485) rs1037970(2.92283) rs5927395(2.78729) NA
X	97800000	97900000	3.72363	29	21	5.38174	-4.26676	rs1907574(-2.7558) rs1418982(-2.6225) rs4827975(-2.31644) rs1343172(-2.19517) rs1418983(-2.19228) rs7884723(3.72363) rs6620739(3.61125) NA
X	125700000	125800000	-2.5213	26	12	2.444	-4.53115	rs5932255(-2.5213) rs6637354(-2.5213) rs226590(-2.51143) rs226592(-2.51143) rs226550(-2.51002) rs5974980(2.48079) rs7063828(2.44241) NA
X	125400000	125500000	2.80816	38	19	20.1008	-3.88337	rs6529225(-2.0887) rs2872573(-2.08736) rs2314245(-2.08736) rs5932060(-2.08602) rs4483298(-2.08066) rs4481742(2.80898) rs2314246(2.80762) NA
X	125600000	125700000	3.61019	34	24	45.9724	-3.694	rs16312(-2.83154) rs172872(-2.78924) rs391704(-2.74975) rs226599(-2.51707) rs226648(-2.44657) rs226602(3.61019) rs2001054(3.22387) NA
