1	8400000	8500000	-2.456	13	8	17.51	-3.91469	rs6577518(-2.456) rs12025126(-2.167) rs10864363(-2.132) rs1381928(2.315) rs2401138(2.307) rs10864361(2.294) rs11121215(2.294) 473	
1	26400000	26500000	3.279	18	15	31.4	-3.44778	rs4970498(-2.494) rs2290588(-2.488) rs4970514(-2.486) rs4659444(-2.37) rs7530096(-2.37) rs897641(3.279) rs1466286(3.134) 6195	3151	79947	
1	29900000	30000000	-2.249	25	11	83.4	-3.08488	rs1498238(-2.249) rs4949530(-2.135) rs1009080(-2.029) rs267700(2.242) rs10914691(2.215) rs267678(2.206) rs267681(2.206) NA
1	40100000	40200000	-3.183	28	12	44.4	-3.56375	rs2092735(-3.183) rs3765483(-3.117) rs2235986(-2.985) rs2284447(-2.984) rs6676644(-2.773) 1298	10269	6018	127391	
1	63600000	63700000	3.528	25	19	71.4	-3.114	rs583102(-2.858) rs636119(-2.657) rs682904(-2.656) rs1542805(-2.334) rs641335(-2.308) rs683389(3.528) rs646934(3.316) 4919	
1	65300000	65400000	3.42	17	16	24	-3.558	rs1409802(-2.889) rs1171269(-2.786) rs1022981(-2.786) rs1782754(-2.786) rs2025804(-2.592) rs1327116(3.42) rs1171274(3.42) 3953	
1	65400000	65500000	3.414	26	17	23.9	-3.55081	rs1137100(-2.915) rs1892535(-2.883) rs1938484(-2.719) rs6669117(-2.552) rs1343981(-2.413) rs4655539(3.414) rs10493379(3.401) 3953	
1	72300000	72400000	3.082	21	14	43.6	-3.37124	rs782227(-2.44) rs782224(-2.387) rs4649957(-2.294) rs989753(-2.243) rs2590944(-2.243) rs1664389(3.082) rs782236(2.771) NA
1	73100000	73200000	2.836	19	10	3.8	-4.32379	rs2208565(-2.259) rs7549372(2.836) rs7517355(2.836) rs10890029(2.836) rs1923210(2.836) rs1923207(2.836) rs4119224(2.836) NA
1	73200000	73300000	2.918	29	16	12.2	-3.90566	rs1856410(2.918) rs1475065(2.813) rs4557913(2.813) rs1538375(2.813) rs1572669(2.749) rs7543202(2.733) rs1923244(2.733) NA
1	74100000	74200000	2.799	19	12	10.1	-3.88584	rs6684409(-2.335) rs11581900(-2.278) rs6660831(-2.271) rs572180(2.799) rs524252(2.367) rs3765660(2.362) rs566621(2.362) 51086	
1	74800000	74900000	3.692	19	14	12.9	-3.82358	rs10782641(-2.483) rs4035788(-2.47) rs7523457(-2.466) rs11162302(-2.466) rs12021751(-2.466) rs2184491(3.692) rs11162315(3.415) NA
1	74900000	75000000	-2.503	15	15	17.8	-3.73053	rs11162498(-2.503) rs4949725(-2.363) rs7531164(-2.311) rs1007512(-2.226) rs3907177(-2.179) rs795568(2.31) rs7512570(2.296) NA
1	75100000	75200000	4.201	12	11	29.9	-3.49458	rs1144297(-2.965) rs616827(-2.299) rs7548993(4.201) rs623850(3.412) rs1249675(3.348) rs1004053(3.348) rs671919(2.466) 204962	
1	75200000	75300000	4.099	20	16	25.4	-3.5839	rs10493573(-3.241) rs6656537(-2.939) rs1343517(-2.864) rs1249813(-2.636) rs2137406(-2.568) rs10493571(4.099) rs1249656(3.988) 204962	
1	75400000	75500000	3.76	20	12	21.5	-3.64375	rs10489587(-2.119) rs6703265(3.76) rs4949864(3.745) rs4949673(2.865) rs920813(2.383) rs211695(2.382) rs6593577(2.337) 204962	
1	75500000	75600000	3.009	18	9	17.7	-3.79839	rs6675067(-2.463) rs1332783(-2.323) rs1332782(-2.323) rs440826(-2.053) rs1332786(3.009) rs1739897(2.801) rs6593584(2.56) 343221	388641	
1	75900000	76000000	-3.029	26	16	57.4	-3.20965	rs1144343(-3.029) rs10493578(-2.923) rs1144346(-2.917) rs10493580(-2.632) rs7517974(-2.532) rs7550814(3.012) rs6696470(3.01) 256435	
1	113200000	113300000	2.375	24	12	8.5	-4.04608	rs1936928(2.375) rs11102637(2.347) rs4074284(2.335) rs4839317(2.335) rs11102627(2.335) rs2027537(2.335) rs10857993(2.335) 260425	
1	113500000	113600000	-2.086	19	10	3.8	-4.41868	rs1230685(-2.086) rs10858017(-2.086) rs6537792(-2.083) rs2359170(-2.083) rs4839335(-2.074) rs11102671(2.046) 260425	10745	
1	118500000	118600000	3.249	21	14	4.7	-4.39581	rs2712271(-2.83) rs2755117(-2.744) rs10494211(-2.704) rs1951362(-2.703) rs10923644(-2.44) rs1321956(3.249) rs2764506(3.249) 343492	
1	152200000	152300000	3.242	20	12	52.9	-3.30185	rs11264300(-2.456) rs6680600(-2.394) rs4845405(-2.394) rs2306125(-2.053) rs10908453(3.242) rs12023499(2.911) rs3820225(2.622) 1944	8751	1945	51043	127579	149095	
1	152300000	152400000	3.379	14	12	9.7	-3.87229	rs4971100(-2.842) rs3814316(-2.668) rs2066981(-2.52) rs4460629(-2.294) rs11264339(-2.13) rs4072037(3.379) rs914615(3.341) 7059	4580	80128	4582	1942	
1	152400000	152500000	3.144	15	11	4	-4.2902	rs11264351(-2.317) rs11264352(-2.093) rs12032720(-2.093) rs7549276(-2.09) rs2297480(-2.053) rs4971072(3.144) rs3020781(3.144) 10712	1196	2224	5313	10067	57657	2629	
1	166300000	166400000	-2.898	35	15	7.6	-4.04363	rs1208373(-2.898) rs2300160(-2.848) rs3766078(-2.749) rs3766076(-2.696) rs3820054(-2.572) rs4656181(2.686) rs6427180(2.668) 29922	
1	166400000	166500000	4.211	17	12	4.8	-4.14918	rs724048(-3.102) rs12143193(-2.878) rs3766086(-2.58) rs2300158(-2.144) rs3766084(4.211) rs724049(3.946) rs12121994(3.848) 29922	
1	169900000	170000000	3.235	21	15	42.4	-3.35948	rs859722(-2.546) rs2077690(-2.546) rs859721(-2.546) rs2131375(-2.546) rs859629(-2.498) rs859715(3.235) rs859644(3.055) 441915	
1	170000000	170100000	3.235	12	12	52.5	-3.2415	rs4916283(-2.876) rs4553232(-2.708) rs12066143(-2.684) rs4916196(-2.618) rs6425143(-2.55) rs1103168(3.235) rs11580042(2.949) NA
1	170100000	170200000	3.815	14	11	45.4	-3.2395	rs2206366(-3.189) rs7539951(-3.097) rs7527462(-2.984) rs4916285(-2.984) rs9286879(-2.984) rs2213742(3.815) rs926472(2.782) NA
1	170200000	170300000	3.322	15	10	22.9	-3.53847	rs1883477(-2.845) rs957544(-2.818) rs4534424(-2.671) rs723858(-2.509) rs2207061(3.322) rs7546619(3.272) rs2236876(2.904) 8995	
1	180900000	181000000	3.871	25	14	18.4	-3.7944	rs1887246(-2.84) rs1926839(-2.84) rs2182597(-2.84) rs1926833(-2.709) rs1073848(-2.298) rs4609393(3.871) rs2148620(3.272) 23179	
1	183700000	183800000	2.868	27	12	9.8	-4.11696	rs1108635(-2.273) rs3844242(2.868) rs11801617(2.808) rs12723621(2.585) rs6689727(2.566) rs3901950(2.563) rs11582183(2.507) 441918	
1	190900000	191000000	3.248	33	21	18.8	-3.69418	rs1339315(-2.31) rs4657880(-2.272) rs1981205(-2.119) rs9660742(-2.119) rs12032460(-2.119) rs1339314(3.248) rs7413082(3.106) NA
1	224200000	224300000	4.351	33	23	2	-4.75239	rs9426545(-3.825) rs2225508(-3.814) rs530057(-3.814) rs10495261(-3.734) rs1343896(-3.716) rs2458521(4.351) rs621874(4.345) 8476	
1	224300000	224400000	4.023	29	23	2	-4.88583	rs1567802(-2.787) rs2670450(-2.787) rs3768434(-2.787) rs2313497(-2.749) rs1913342(-2.741) rs6426569(4.023) rs4653481(4.023) 8476	
1	224400000	224500000	3.41	29	15	12	-3.99048	rs10495251(-2.84) rs1513622(-2.628) rs4415529(-2.313) rs2670440(3.41) rs2813961(3.41) rs2718211(3.41) rs1913345(3.41) 8476	
2	17200000	17300000	3.93	31	20	27.8	-3.61497	rs11096722(-2.796) rs10495655(-2.782) rs1546433(-2.782) rs4257401(-2.651) rs7572654(-2.16) rs10495659(3.93) rs12466515(3.92) 442008	
2	17300000	17400000	3.471	27	18	12	-3.92285	rs970680(-2.389) rs1911685(-2.389) rs287294(-2.323) rs1507979(-2.309) rs1507978(-2.309) rs12620391(3.471) rs12474104(3.471) 442008	
2	21700000	21800000	2.438	33	19	18.6	-3.69479	rs2113623(-2.354) rs4665932(-2.351) rs4665942(-2.264) rs10200700(-2.258) rs1159628(-2.231) rs972733(2.438) rs2194567(2.178) NA
2	37400000	37500000	3.173	24	12	13.9	-3.90367	rs2300891(-2.761) rs2300888(-2.669) rs9309003(-2.669) rs3770761(-2.655) rs10460527(-2.655) rs4629138(3.173) rs2287092(2.83) 10153	23683	55471	
2	39400000	39500000	3.659	23	12	16.2	-3.77074	rs3821133(-2.545) rs1861734(-2.541) rs7573923(-2.541) rs3755171(-2.538) rs2373528(-2.323) rs6743345(3.659) rs3770671(3.554) 8491	344387	
2	41700000	41800000	3.137	28	12	26	-3.67229	rs1508136(-2.566) rs1920511(-2.386) rs12471180(-2.365) rs6544435(-2.148) rs1911702(-2.108) rs6758388(3.137) rs12616189(3.137) NA
2	43900000	44000000	3.445	34	21	46.1	-3.31597	rs6759851(-2.506) rs7606783(-2.322) rs4952999(-2.312) rs6739943(-2.236) rs6544703(-2.23) rs713262(3.445) rs4952676(3.2) 130271	51626	
2	83100000	83200000	3	27	14	10.4	-3.94756	rs11901418(-2.214) rs3933747(-2.125) rs2061093(-2.028) rs6720134(-2.025) rs6757317(-2.025) rs10211584(3) rs11126886(2.928) NA
2	83400000	83500000	2.898	26	12	16.8	-3.76169	rs6547469(-2.019) rs7420983(-2.019) rs6547478(2.898) rs7582927(2.898) rs7563837(2.857) rs7577702(2.857) rs6547471(2.786) NA
2	83500000	83600000	2.781	21	10	18.9	-3.784	rs6547485(-2.093) rs4129245(-2.08) rs7421503(-2.08) rs7566594(-2.08) rs11693198(-2.067) rs7422781(2.781) rs6419678(2.596) NA
2	84900000	85000000	3.273	16	16	20	-3.65544	rs1192326(-2.68) rs1192328(-2.68) rs1728059(-2.669) rs1192343(-2.657) rs1192336(-2.657) rs1192266(3.273) rs1192332(3.24) 79964	
2	86600000	86700000	3.067	12	8	12.7	-3.80433	rs958561(-2.205) rs10180036(-2.205) rs2292887(-2.143) rs4377336(-2.093) rs3755002(-2.016) rs882989(3.067) rs1033287(2.338) 55818	
2	107600000	107700000	2.916	27	12	37.1	-3.38193	rs266170(-2.314) rs166468(-2.095) rs266240(-2.095) rs266241(-2.095) rs266244(-2.095) rs266246(2.916) rs266247(2.916) NA
2	107700000	107800000	3.242	26	15	23.2	-3.6355	rs266152(-2.544) rs171954(-2.394) rs1863104(-2.308) rs187862(-2.196) rs197594(-2.183) rs1157627(3.242) rs166469(3.234) NA
2	108300000	108400000	3.389	22	11	17.6	-3.70273	rs1486194(-2.221) rs931325(-2.204) rs1486192(-2.137) rs750523(-2.137) rs855006(-2.017) rs855004(3.389) rs1003019(3.186) NA
2	108500000	108600000	3.499	11	7	36.8	-3.13273	rs2198464(-2.054) rs921656(3.499) rs7586308(3.47) rs6758147(2.656) rs1470874(2.457) rs7576937(2.196) rs6746883(2.041) 402097	442038	6819	
2	108600000	108700000	4.033	20	19	13.7	-3.77885	rs13390901(-3.356) rs10167564(-3.21) rs10865019(-3.207) rs10205371(-3.185) rs1402467(-3.166) rs1112806(4.033) rs1533735(3.912) 27233	9648	
2	108700000	108800000	4.104	12	12	7.1	-4.04483	rs12473539(-3.408) rs11123698(-3.184) rs2378150(-3.184) rs12476488(-3.184) rs10175540(4.104) rs6710336(4.104) rs7581929(3.088) 9648	
2	109000000	109100000	3.215	12	11	11.4	-3.87025	rs12464296(-2.846) rs10865022(-2.833) rs7564164(-2.696) rs1724204(-2.613) rs10202541(-2.364) rs1585709(3.215) rs826555(2.911) 5903	165055	
2	109100000	109200000	-3.353	20	14	26.6	-3.51535	rs3827760(-3.353) rs4676220(-2.879) rs260595(-2.858) rs7600513(-2.846) rs1478516(-2.837) rs1478522(2.582) rs1478521(2.582) 10913	165055	
2	125800000	125900000	3.007	16	13	10.2	-3.99638	rs1417116(-2.082) rs2421357(-2.082) rs6737142(3.007) rs2421342(2.914) rs2421362(2.901) rs6747169(2.901) rs2421358(2.901) NA
2	125900000	126000000	2.976	18	9	9	-4.00628	rs4497887(-2.395) rs4622728(2.976) rs7572346(2.565) rs6754431(2.565) rs4848985(2.552) rs4574124(2.133) rs4289196(2.122) NA
2	126100000	126200000	2.871	13	8	33.8	-3.45046	rs1476151(-2.499) rs6709984(-2.13) rs313280(-2.124) rs1350587(-2.103) rs313290(-2.052) rs313294(2.871) rs314965(2.389) NA
2	126200000	126300000	3.671	23	15	15.4	-3.82113	rs13389786(-2.486) rs1435581(-2.476) rs10490483(-2.45) rs2059029(-2.411) rs10202196(-2.411) rs1369523(3.671) rs1836676(3.471) NA
2	126300000	126400000	3.149	19	9	12	-3.915	rs4849014(-2.424) rs2193909(-2.423) rs1377122(-2.16) rs1466184(-2.144) rs2193913(-2.122) rs1116286(3.149) rs4146084(2.785) NA
2	127000000	127100000	2.971	13	8	14.1	-3.75031	rs4500895(-2.14) rs2086864(-2.129) rs1484448(2.971) rs1484452(2.882) rs1484449(2.615) rs1484450(2.615) rs10496655(2.178) NA
2	136800000	136900000	2.956	31	14	5.5	-4.27077	rs4988265(-2.64) rs4988222(-2.587) rs4988203(-2.587) rs4988285(-2.569) rs4988272(-2.566) rs3087348(2.956) rs11903319(2.935) 391448	4175	1615	3938	
2	153700000	153800000	2.707	28	12	10.6	-3.885	rs3811567(-2.516) rs4664121(-2.097) rs2346539(-2.085) rs1962313(-2.014) rs1065266(2.707) rs3171980(2.613) rs10931229(2.613) 114793	55660	151188	
2	154800000	154900000	2.897	19	9	29.2	-3.52432	rs1372393(-2.514) rs1441873(-2.323) rs7559870(-2.248) rs1822208(-2.191) rs4664704(-2.163) rs6434910(2.897) rs1528084(2.514) NA
2	159300000	159400000	3.059	25	12	22	-3.77248	rs4422120(-2.801) rs4664948(-2.751) rs9288710(-2.751) rs4502367(-2.734) rs6720142(-2.639) rs2356082(3.059) rs11895535(2.532) 130940	
2	177800000	177900000	3.24	11	9	48.2	-3.11455	rs4894200(-2.732) rs4894198(-2.597) rs1554012(-2.027) rs6433615(3.24) rs10497573(2.542) rs1534472(2.542) rs3731797(2.492) 375295	
2	199300000	199400000	3.714	17	13	25.8	-3.42718	rs4850841(-2.846) rs758065(-2.737) rs4850837(-2.356) rs3977(-2.355) rs13398206(-2.107) rs1456572(3.714) rs1456550(3.68) NA
2	201000000	201100000	-2.894	26	12	1.9	-4.68431	rs1509833(-2.894) rs7565480(-2.611) rs203772(-2.599) rs1605900(-2.515) rs176009(-2.4) rs281767(2.598) 79568	129450	
2	213400000	213500000	3.281	19	11	54.6	-3.22316	rs1394798(-2.806) rs6760554(-2.421) rs12105481(-2.344) rs1505363(-2.124) rs1910861(-2.051) rs1283310(3.281) rs1394785(2.673) 2066	
2	219300000	219400000	2.489	19	9	16.7	-3.80116	rs736730(2.489) rs7605980(2.344) rs2382822(2.267) rs2014615(2.261) rs3731861(2.235) rs4552182(2.235) rs1017698(2.201) 25953	64114	14	151306	10109	
2	230800000	230900000	-2.515	16	10	1.7	-4.64544	rs496982(-2.515) rs3791838(-2.391) rs6706741(-2.264) rs4973228(-2.229) rs6720868(2.101) rs6436891(2.029) rs7565973(2.029) 9320	
3	12500000	12600000	2.934	18	9	11.9	-3.83856	rs299642(2.934) rs1466835(2.473) rs2596827(2.263) rs299648(2.25) rs299651(2.25) rs299632(2.25) rs299629(2.232) 80746	23609	
3	27300000	27400000	3.587	20	12	6.9	-4.0949	rs12637272(-2.558) rs12637322(-2.556) rs547518(-2.423) rs2014047(-2.383) rs1352941(3.587) rs646577(3.035) rs586229(2.939) 152110	
3	44300000	44400000	2.353	14	10	1.9	-4.623	rs13086084(-2.264) rs7634748(2.353) rs6771167(2.239) rs12485791(2.239) rs4682965(2.217) rs9857957(2.217) rs6441830(2.217) 375337	285343	
3	48600000	48700000	2.914	18	10	17.8	-3.72922	rs6792156(-2.091) rs2302295(-2.087) rs9812200(-2.087) rs12107418(-2.087) rs6773261(-2.084) rs9830581(2.914) rs13063312(2.196) 65010	1951	51447	51517	7384	
3	48800000	48900000	2.361	12	11	7.5	-4.07958	rs9311430(-2.315) rs7430501(-2.308) rs9311433(-2.308) rs10780033(-2.308) rs4974085(-2.305) rs9755490(2.361) rs9876848(2.361) 788	5576	
3	49400000	49500000	3.428	12	12	3.1	-4.43775	rs11130192(-3.312) rs11130199(-3.082) rs4855877(-3.065) rs1464568(-3.057) rs1464567(-3.057) rs11715915(3.428) rs6997(3.428) 275	6988	387	1605	84276	
3	49600000	49700000	3.273	11	10	5.7	-4.17282	rs2131109(-2.86) rs4855881(-2.827) rs11919311(-2.805) rs2329020(-2.804) rs1873626(-2.801) rs9822268(3.273) rs6770670(3.188) 8927	327	63891	
3	49800000	49900000	-2.571	13	9	9.9	-3.958	rs6446297(-2.571) rs2681781(-2.233) rs2230590(-2.175) rs11712056(2.335) rs2883059(2.333) rs10865959(2.082) rs2276864(2.082) 10293	7318	4486	79012	
3	50600000	50700000	2.559	18	9	1.3	-4.85867	rs2040397(-2.178) rs2168866(-2.101) rs745356(2.559) rs876104(2.559) rs13094785(2.453) rs11130255(2.452) rs809451(2.292) 7867	1154	1795	
3	50700000	50800000	2.456	13	11	0	-6.58169	rs2125366(-2.106) rs2675812(-2.106) rs7629253(-2.106) rs1458387(-2.101) rs2609036(-2.101) rs1824280(2.456) rs9839684(2.456) 1795	
3	55400000	55500000	3.377	30	16	18.8	-3.60417	rs751193(-2.793) rs1499890(-2.699) rs1822811(-2.556) rs1822813(-2.556) rs2362199(-2.556) rs1520703(3.377) rs12634081(3.23) 7474	
3	66400000	66500000	3.154	19	10	57.4	-3.22321	rs3845906(-2.644) rs3845904(-2.32) rs12635307(-2.312) rs2871629(-2.186) rs10510956(-2.126) rs4856941(3.154) rs6806130(2.405) 26018	
3	80700000	80800000	-2.151	18	9	1.6	-4.82556	rs7628798(-2.151) rs12633023(-2.151) rs6548725(-2.137) rs13078019(-2.133) rs12632695(-2.116) NA
3	108600000	108700000	3.666	14	9	6.3	-3.99229	rs676556(-2.822) rs667172(-2.774) rs638702(-2.774) rs683035(-2.424) rs654060(3.666) rs839980(3.666) rs658595(2.345) 56987	
3	122900000	123000000	3.251	20	12	7.9	-3.96825	rs2257212(-2.197) rs2689283(-2.197) rs9812515(-2.197) rs11920521(-2.197) rs9289182(-2.025) rs874742(3.251) rs1143670(3.207) 6565	55840	
3	127600000	127700000	3.172	25	11	24.9	-3.80604	rs9853836(-2.22) rs6796916(-2.188) rs9834240(-2.188) rs4679274(-2.188) rs11921028(-2.169) rs7638412(3.172) rs9856833(3.152) 114112	
3	135800000	135900000	3.065	29	15	51.4	-3.2851	rs2138212(-2.409) rs1004551(-2.273) rs7653227(-2.138) rs6789449(-2.122) rs6796514(-2.109) rs7636287(3.065) rs12489360(2.96) 2047	
3	136000000	136100000	2.638	25	12	64	-3.17376	rs28211(-2.182) rs9289487(-2.074) rs40435(-2.041) rs36073(-2.041) rs36094(2.638) rs36096(2.636) rs36110(2.568) 2047	
3	140500000	140600000	-2.55	21	10	36.1	-3.43295	rs3821544(-2.55) rs2233815(-2.541) rs9289576(-2.54) rs3772878(-2.535) rs3772879(-2.497) rs2083336(2.098) rs1080371(2.079) 5947	73	5948	
3	165100000	165200000	2.873	28	21	1.8	-4.81782	rs4411886(-2.784) rs11711705(2.873) rs12629383(2.873) rs1449938(2.873) rs11715639(2.873) rs10513605(2.861) rs1839943(2.844) NA
3	174500000	174600000	2.671	22	12	32.2	-3.4335	rs9842389(-2.13) rs1523344(-2.121) rs2196420(-2.093) rs721729(-2.028) rs9290474(2.671) rs766004(2.67) rs1523342(2.319) 22871	
3	176500000	176600000	3.938	23	13	42	-3.38874	rs2112044(-3.408) rs10804857(-2.914) rs12486351(-2.683) rs11714367(-2.644) rs4243410(-2.229) rs9839360(3.938) rs13067631(3.347) 254827	
4	28100000	28200000	2.926	23	11	9.6	-4.03757	rs10517141(-2.73) rs10517144(-2.531) rs7678223(-2.196) rs6837053(-2.143) rs4692318(-2.143) rs7677277(2.926) rs7668927(2.786) NA
4	28400000	28500000	2.996	20	12	13.4	-3.82875	rs2309882(-2.616) rs1353052(-2.532) rs7686889(-2.484) rs756291(-2.42) rs2047027(-2.403) rs4692342(2.996) rs7693029(2.909) NA
4	33200000	33300000	2.422	25	11	35.3	-3.45132	rs1443207(2.422) rs883617(2.044) rs2585942(2.044) rs975474(2.044) rs1443213(2.044) rs6531606(2.044) rs4859389(2.044) 133185	
4	41600000	41700000	3.407	21	12	49.4	-3.24995	rs6826373(-2.428) rs4861131(-2.42) rs7689304(-2.342) rs6819629(-2.318) rs1439470(-2.194) rs4608840(3.407) rs12647558(2.419) 22998	8929	81421	
4	44600000	44700000	2.275	25	12	2.8	-4.59308	rs1491300(2.275) rs1105851(2.261) rs6447369(2.25) rs1491298(2.195) rs9291247(2.195) rs2130913(2.101) rs1873523(2.08) 132789	60558	
4	100700000	100800000	3.41	28	21	44.1	-3.34129	rs1442490(-2.665) rs1442492(-2.378) rs980972(-2.119) rs2032350(-2.113) rs1442484(-2.111) rs10516439(3.41) rs994771(2.955) 131	126	125	
4	104300000	104400000	2.487	17	11	3.4	-4.48847	rs4698867(2.487) rs6533050(2.278) rs7663876(2.26) rs6533041(2.204) rs9307281(2.201) rs3974608(2.201) rs3886723(2.197) 150159	
4	139300000	139400000	3.343	14	9	22	-3.61293	rs6821994(-2.854) rs1401581(-2.786) rs6823023(-2.486) rs1396674(3.343) rs6536990(3.343) rs11100663(2.817) rs963903(2.427) NA
4	144300000	144400000	2.588	19	10	11	-3.93516	rs9994364(-2.365) rs4690728(-2.354) rs2218240(-2.354) rs6537131(2.588) rs10030770(2.588) rs7683364(2.588) rs6833501(2.364) 401157	
4	144500000	144600000	2.776	18	12	5.8	-4.22206	rs7686660(2.776) rs4367125(2.776) rs7679943(2.292) rs4374584(2.292) rs1510142(2.277) rs3890695(2.271) rs6825780(2.167) NA
4	153400000	153500000	3.153	24	12	34.4	-3.42038	rs975820(-2.896) rs1531917(-2.67) rs6852759(-2.231) rs360929(3.153) rs4696306(2.971) rs569802(2.865) rs191711(2.863) 389232	
4	159100000	159200000	3.533	23	16	25.6	-3.56696	rs2344820(-2.419) rs1352696(-2.275) rs4691425(-2.275) rs2344822(-2.269) rs1388001(-2.269) rs6856493(3.533) rs6536263(3.49) NA
4	159400000	159500000	-3.124	19	9	20.9	-3.65589	rs4288054(-3.124) rs721604(-2.804) rs4504305(-2.486) rs4631100(-2.446) rs2725478(-2.291) rs1448444(2.252) rs2594736(2.216) NA
4	159500000	159600000	3.379	14	14	8	-4.04029	rs11100146(-3.164) rs6844920(-2.997) rs4388135(-2.407) rs6847800(-2.396) rs11100148(-2.393) rs9968557(3.379) rs10461245(2.854) NA
4	162500000	162600000	2.977	28	12	5.9	-4.26707	rs1023758(-2.673) rs6536571(-2.661) rs6419303(-2.34) rs6827009(-2.222) rs4295215(2.977) rs4376093(2.977) rs4325977(2.965) NA
4	170800000	170900000	3.161	19	13	21	-3.81068	rs1395659(-2.14) rs12512610(3.161) rs2706727(2.563) rs2660421(2.32) rs2660411(2.197) rs2706728(2.197) rs2706754(2.197) 57630	
4	170900000	171000000	3.3	14	9	22.5	-3.49564	rs7441655(-2.344) rs992939(-2.341) rs4692709(-2.286) rs4263354(-2.197) rs10866336(3.3) rs12511773(2.817) rs2174750(2.78) NA
4	177000000	177100000	2.878	14	12	38.4	-3.39264	rs9684098(-2.456) rs9995078(-2.406) rs6839152(-2.363) rs7678596(-2.242) rs7438159(-2.123) rs7438901(2.878) rs10031289(2.878) NA
4	186800000	186900000	3.195	20	10	24.2	-3.6084	rs3108271(-2.185) rs3108252(3.195) rs7667058(3.083) rs3108228(3.061) rs3112864(2.875) rs3112868(2.875) rs3108275(2.817) 83891	
5	64700000	64800000	-2.317	20	10	30.3	-3.48895	rs7708972(-2.317) rs2131587(-2.309) rs7725105(-2.309) rs245524(-2.285) rs10042191(-2.269) rs6449786(2.093) 11174	
5	64800000	64900000	3.794	25	19	4.6	-4.4018	rs461534(-2.88) rs468821(-2.818) rs37337(-2.815) rs245521(-2.613) rs260048(-2.21) rs187409(3.794) rs37339(3.791) 23398	64105	
5	64900000	65000000	3.794	31	24	6.4	-4.30881	rs27144(-2.818) rs36133(-2.815) rs152060(-2.815) rs154858(-2.815) rs246400(-2.815) rs467976(3.794) rs152059(3.791) 54557	80006	373	
5	80800000	80900000	3.188	18	10	24.4	-3.55967	rs2162973(-2.29) rs6877102(-2.29) rs7711020(-2.258) rs1541830(-2.187) rs9596(-2.187) rs6452412(3.188) rs964102(2.747) 23635	
5	80900000	81000000	2.739	23	13	26.7	-3.6183	rs2972241(-2.676) rs2973335(-2.648) rs2973336(-2.648) rs2972227(-2.631) rs2972239(-2.569) rs4513668(2.739) rs4392600(2.739) 23635	
5	91600000	91700000	3.08	11	7	5	-4.16	rs10942672(-2.291) rs6886629(-2.236) rs7730246(-2.06) rs10074207(3.08) rs7448066(2.391) rs4398668(2.21) rs4403206(2.21) NA
5	93200000	93300000	2.605	14	14	1.7	-4.76264	rs6877030(-2.271) rs2084916(-2.23) rs2924374(-2.23) rs1031424(-2.23) rs6874766(-2.117) rs6556839(2.605) rs7736892(2.605) 83989	
5	93300000	93400000	-2.669	20	12	1.5	-4.65885	rs6865441(-2.669) rs10214278(-2.234) rs10054790(-2.114) rs10052662(-2.114) rs10064368(2.594) rs10079708(2.507) rs10054903(2.506) 83989	
5	108500000	108600000	3.207	21	14	15.6	-3.77714	rs1036214(-2.498) rs4957797(-2.27) rs10040665(-2.265) rs6882531(-2.198) rs10477439(-2.192) rs4957569(3.207) rs4130644(3.078) 2241	
5	112200000	112300000	-2.766	23	11	10.4	-3.95291	rs2546115(-2.766) rs2229992(-2.204) rs390092(-2.185) rs3317(-2.168) rs351768(-2.168) rs2952615(2.39) rs351771(2.319) 7905	324	6728	7495	
5	112800000	112900000	3.434	27	14	6.2	-4.19448	rs466564(-3.271) rs423089(-3.102) rs27566(-3.089) rs675353(-3.055) rs255856(-2.987) rs1366393(3.434) rs367943(2.028) 389316	83942	
5	112900000	113000000	-3.319	27	12	9.9	-3.9853	rs4415069(-3.319) rs1820056(-3.208) rs3763139(-2.937) rs4705831(-2.937) rs2910018(-2.783) rs1833681(2.752) rs6594721(2.725) 64848	389316	
5	127700000	127800000	3.528	19	9	23.1	-3.648	rs467610(-2.803) rs32218(-2.672) rs432792(-2.563) rs552850(-2.563) rs331089(-2.208) rs32215(3.528) rs39937(3.282) 2201	
6	13100000	13200000	3.992	19	10	19.5	-3.65463	rs9369768(-2.939) rs9473437(-2.707) rs7748124(-2.548) rs7750023(-2.243) rs7743585(-2.097) rs6924689(3.992) rs7341250(2.922) 221692	
6	15400000	15500000	-2.816	23	11	15.4	-3.79987	rs3915734(-2.816) rs2072819(-2.476) rs707828(-2.109) rs707831(-2.081) rs794797(-2.081) rs13194410(2.553) rs13205612(2.259) 3720	
6	19000000	19100000	3.604	25	12	17.7	-3.79536	rs1334772(-2.083) rs664154(3.604) rs834372(3.174) rs1150648(2.854) rs1318861(2.771) rs10949559(2.761) rs1343141(2.761) NA
6	26300000	26400000	-3.32	24	12	25.2	-3.54725	rs10946808(-3.32) rs811041(-3.146) rs806794(-3.111) rs3734533(-2.493) rs1997768(-2.165) rs806786(2.633) rs11757754(2.5) 3013	8343	8351	8367	8353	3012	8339	3007	8365	8361	8333	8369	8346	8355	8345	8968	
6	55800000	55900000	3.159	33	17	24.7	-3.56252	rs7758580(-2.517) rs9296812(-2.347) rs4715571(-2.315) rs1868031(-2.222) rs895642(-2.196) rs1562407(3.159) rs895643(3.159) NA
6	93600000	93700000	3.44	36	21	46.3	-3.34886	rs481336(-2.558) rs6900761(-2.547) rs2506960(-2.52) rs1361178(-2.52) rs557673(-2.456) rs783073(3.44) rs688198(3.421) NA
6	111700000	111800000	2.512	27	14	8	-4.09078	rs2343614(2.512) rs240993(2.415) rs240991(2.415) rs9487639(2.269) rs462832(2.257) rs240995(2.257) rs455645(2.257) 5980	
6	123600000	123700000	4.211	27	16	27.3	-3.57911	rs1579521(-3.148) rs7449466(-3.148) rs9398727(-3.148) rs9401654(-2.919) rs1367669(-2.893) rs4897186(4.211) rs1431282(3.306) 10345	
6	125800000	125900000	3.521	20	13	40.2	-3.3067	rs1353201(-3.46) rs1353203(-3.347) rs6569428(-3.227) rs4897047(-3.01) rs7758956(-2.977) rs9321046(3.521) rs1494147(3.095) NA
6	140500000	140600000	2.933	24	13	5.1	-4.20525	rs1519592(-2.097) rs9373262(-2.095) rs1119397(-2.086) rs9389770(-2.052) rs9389771(-2.052) rs9389768(2.933) rs12660474(2.928) NA
7	10000000	10100000	-3.032	26	13	18.01	-3.696	rs10488118(-3.032) rs10278889(-2.729) rs6943027(-2.693) rs1029532(-2.674) rs2107815(-2.672) rs7802767(2.648) rs1024521(2.016) NA
7	18000000	18100000	2.675	36	17	5.5	-4.18089	rs6949834(-2.331) rs638620(-2.116) rs636246(-2.116) rs2960783(-2.09) rs708127(-2.067) rs667764(2.675) rs582937(2.63) NA
7	64800000	64900000	2.599	15	10	2.4	-4.60787	rs9530(-2.395) rs781151(-2.358) rs2008188(-2.321) rs1917563(-2.193) rs7784623(-2.188) rs1631091(2.599) rs1167613(2.124) 2990	154807	
7	65000000	65100000	-3.021	16	10	4.5	-4.44919	rs6460275(-3.021) rs6968534(-2.729) rs316331(-2.343) rs431076(-2.343) rs316314(-2.342) rs316332(2.821) 27297	8460	
7	65500000	65600000	2.535	18	9	6.1	-4.25189	rs1267818(-2.226) rs2286682(-2.193) rs2707832(-2.17) rs2659913(-2.086) rs1638735(-2.034) rs12534391(2.535) rs6958520(2.188) 154881	402538	441247	401367	
7	84700000	84800000	3.771	22	13	25.4	-3.60186	rs1916668(-2.667) rs2013699(-2.667) rs2140458(-2.265) rs4728592(-2.143) rs7807771(-2.084) rs2140461(3.771) rs10952850(3.689) NA
7	84800000	84900000	3.195	26	16	24.6	-3.56892	rs2372798(-2.403) rs4728594(-2.229) rs6970690(-2.229) rs10264125(-2.229) rs10241989(-2.085) rs10235486(3.195) rs7803726(2.165) NA
7	85600000	85700000	-2.645	24	13	5.4	-4.21346	rs956030(-2.645) rs9886133(-2.27) rs3843536(-2.243) rs2110390(-2.232) rs6960218(-2.226) rs1980399(2.501) rs1406688(2.447) NA
7	85900000	86000000	3.128	25	16	22.5	-3.686	rs2299213(-2.972) rs2299216(-2.943) rs1405875(-2.827) rs2237553(-2.573) rs10274631(-2.573) rs2189813(3.128) rs2840183(2.749) 2913	
7	86000000	86100000	3.402	25	13	31	-3.5182	rs723631(-2.641) rs2282965(-2.493) rs2158786(-2.455) rs6943659(-2.45) rs1468412(-2.339) rs2299219(3.402) rs982339(2.816) 2913	
7	111700000	111800000	3.646	18	15	37.2	-3.36889	rs7385724(-2.806) rs1236840(-2.68) rs1234351(-2.678) rs2079530(-2.238) rs3095042(-2.004) rs1234352(3.646) rs1971656(3.091) NA
7	111800000	111900000	-3.566	11	10	11.9	-3.82464	rs10236939(-3.566) rs43086(-2.923) rs1922900(-2.905) rs1922899(-2.28) rs2188551(3.337) rs2966479(3.253) rs1989835(3.179) NA
7	111900000	112000000	4.141	19	19	12.5	-3.87589	rs1227158(-3.375) rs1227163(-3.375) rs1227181(-3.375) rs726593(-3.284) rs1922907(-3.284) rs10216230(4.141) rs10271752(3.829) 64418	
7	126400000	126500000	3.433	73	28	115	-2.95952	rs6954027(-3.029) rs10250895(-2.928) rs6948480(-2.818) rs10270765(-2.818) rs1592377(-2.726) rs7793635(3.433) rs7776557(3.433) 2918	441278	
7	126700000	126800000	3.218	21	13	25.2	-3.60738	rs989099(-2.651) rs1419433(-2.24) rs1557643(-2.122) rs10487487(-2.116) rs6467136(3.218) rs4728072(3.184) rs6962882(3.184) 79571	381	29999	
7	133200000	133300000	2.819	25	11	15.8	-3.71168	rs998303(-2.041) rs2859809(-2.015) rs724812(2.819) rs10453021(2.767) rs725392(2.767) rs7804739(2.748) rs728578(2.748) 136332	
8	11000000	11100000	3.488	22	20	61.5	-3.16982	rs7004825(-3.395) rs4523214(-2.999) rs4841501(-2.988) rs7823349(-2.988) rs2409713(-2.952) rs10087081(3.488) rs10503416(2.796) 83652	439940	
8	11200000	11300000	4.383	20	14	53.8	-3.32525	rs3808509(-3.12) rs2060465(-2.796) rs3779891(-2.768) rs7016671(-2.734) rs7005469(-2.625) rs6991606(4.383) rs6995404(3.795) 66036	157739	83656	
8	31800000	31900000	2.53	33	18	22.8	-3.68879	rs449951(2.53) rs2200033(2.411) rs2683771(2.37) rs1462893(2.365) rs1462891(2.365) rs1462878(2.365) rs1023911(2.365) NA
8	31900000	32000000	2.62	26	14	20.3	-3.65088	rs10954822(-2.35) rs989735(2.62) rs983944(2.473) rs1481623(2.414) rs1462875(2.398) rs12550484(2.395) rs1599677(2.376) NA
8	42500000	42600000	2.396	19	12	18.5	-3.69595	rs1868861(2.396) rs2076811(2.395) rs7844566(2.395) rs6989472(2.394) rs1376442(2.394) rs13280604(2.327) rs13273442(2.327) 1142	
8	48100000	48200000	3.122	11	8	2.8	-4.29982	rs4495437(-2.203) rs4242439(-2.174) rs11779423(-2.174) rs7819806(-2.097) rs11779308(-2.097) rs10102598(3.122) rs4388466(2.081) 389654	392217	
8	51200000	51300000	3.132	45	26	15.1	-3.8112	rs1868639(-2.253) rs1450135(-2.169) rs4873142(-2.169) rs2167157(-2.168) rs1375945(-2.168) rs4606075(3.132) rs1375948(3.076) 54212	
8	51300000	51400000	2.497	28	12	18.1	-3.71568	rs2957600(-2.447) rs6415645(-2.373) rs4529480(-2.35) rs1375942(-2.326) rs2923059(-2.303) rs4339654(2.497) rs4534138(2.483) 54212	
8	76500000	76600000	-3.487	106	46	11.4	-4.01201	rs2943611(-3.487) rs1817003(-3.253) rs2941472(-2.373) rs6472923(-2.316) rs1800924(-2.241) rs2943591(3.043) rs1805098(3.041) 3174	
8	95800000	95900000	2.685	24	12	8.4	-3.98692	rs11996455(-2.14) rs713113(-2.069) rs10441538(-2.03) rs6471497(2.685) rs12550765(2.678) rs683832(2.098) rs550564(2.098) 55656	9134	
8	112800000	112900000	2.874	58	27	8	-4.11484	rs186489(-2.1) rs320549(-2.1) rs320550(-2.1) rs320544(-2.096) rs320545(-2.096) rs320538(2.874) rs320555(2.874) NA
8	112900000	113000000	2.88	44	17	2.5	-4.57423	rs320522(-2.137) rs320497(-2.101) rs320496(-2.101) rs1460592(-2.094) rs11783625(-2.094) rs1018251(2.88) rs320498(2.875) NA
8	113200000	113300000	3.203	49	20	12.4	-3.93465	rs2111426(-2.439) rs7825635(-2.437) rs7826270(-2.437) rs1861755(-2.423) rs6415459(-2.423) rs1994796(3.203) rs1019350(3.186) 114788	
8	113400000	113500000	3.316	41	19	13.4	-3.93441	rs10111988(-2.557) rs1993207(-2.305) rs10216803(-2.228) rs1352995(-2.204) rs2045033(3.316) rs10505174(3.013) rs1021438(2.983) 114788	
8	113500000	113600000	3.044	44	17	12.3	-3.91418	rs6981125(-2.538) rs2354349(3.044) rs10112543(2.712) rs10105193(2.712) rs10110963(2.462) rs7839026(2.435) rs7823392(2.34) 114788	
8	129600000	129700000	-3.21	43	24	18.7	-3.72177	rs1347001(-3.21) rs1073754(-2.71) rs2395851(-2.685) rs4733632(-2.685) rs4389892(-2.675) rs1432019(3.114) rs1432018(3.114) NA
9	15700000	15800000	3.412	35	28	12.4	-3.98937	rs6474967(-2.428) rs2105315(-2.421) rs1539172(-2.34) rs2185663(-2.34) rs2382540(-2.34) rs2105317(3.412) rs1341738(3.4) 203238	
9	15900000	16000000	4.406	60	52	16.1	-3.7634	rs10810501(-3.409) rs10810506(-3.348) rs4740629(-3.287) rs1887664(-3.25) rs4582646(-3.193) rs2225182(4.406) rs4741553(4.359) 203238	
9	23200000	23300000	3.864	28	18	63	-3.21814	rs1578104(-2.846) rs7871692(-2.824) rs10965703(-2.706) rs1538490(-2.691) rs1934100(-2.645) rs1111817(3.864) rs10965730(3.15) NA
9	26700000	26800000	2.793	28	12	66.3	-3.17043	rs767107(-2.641) rs1414798(-2.444) rs7030318(-2.392) rs4978104(-2.223) rs919976(-2.223) rs987569(2.793) rs2383716(2.673) NA
9	26800000	26900000	3.458	19	12	19.5	-3.70495	rs10967560(-2.364) rs7857990(-2.348) rs10967550(-2.312) rs10812480(-2.095) rs7872496(-2.076) rs10812467(3.458) rs3739550(2.712) 79886	
9	26900000	27000000	2.97	21	16	5.6	-4.22748	rs10812505(-2.948) rs7031984(-2.368) rs10812510(-2.069) rs7035447(-2.002) rs3739544(2.97) rs7870787(2.554) rs7849248(2.545) 80173	64922	9373	
9	67500000	67600000	3.071	69	26	17.7	-3.7329	rs10511966(-2.429) rs1236984(-2.185) rs1761287(-2.137) rs1237679(-2.137) rs1631689(-2.125) rs2781541(3.071) rs2297420(2.983) 320	
9	98400000	98500000	-2.519	38	22	26.3	-3.54455	rs2787367(-2.519) rs2787374(-2.507) rs2806701(-2.43) rs2787379(-2.296) rs2787384(-2.149) rs2787369(2.306) rs7874900(2.149) 54881	27130	
9	104300000	104400000	3.251	17	11	7.9	-4.01235	rs2676451(-2.438) rs12684013(-2.438) rs4452860(-2.058) rs1516887(3.251) rs11999547(2.824) rs7028916(2.814) rs7020666(2.814) NA
9	106500000	106600000	3.37	55	34	90.5	-3.03129	rs1570503(-3.275) rs9657652(-3.057) rs7025589(-3.027) rs2417857(-2.916) rs1323719(-2.818) rs6477649(3.37) rs506707(3.222) NA
9	106600000	106700000	3.657	25	16	41.6	-3.30924	rs1953054(-3.33) rs10124123(-3.048) rs10759287(-2.747) rs10979372(-2.645) rs10979374(-2.645) rs10125105(3.657) rs4978698(3.52) NA
9	107100000	107200000	3.943	32	20	4.8	-4.29056	rs10512391(-3.388) rs3750452(-3.388) rs3829084(-3.388) rs1044905(-3.328) rs1333344(-2.912) rs4542004(3.943) rs3750454(3.943) 23731	8727	
9	107200000	107300000	4.056	37	21	12.2	-4.08205	rs7470160(-3.445) rs3750451(-3.417) rs11794648(-3.417) rs7870597(-3.255) rs2271878(-3.235) rs11792635(4.056) rs6477687(3.996) 23731	23732	
9	121800000	121900000	-3.354	27	19	28.4	-3.48789	rs10986093(-3.354) rs7860055(-3.23) rs7868740(-3.142) rs7857068(-3.057) rs879070(-3.057) rs4838077(3.08) rs4240483(2.463) 441467	57706	
9	121900000	122000000	4.306	25	18	39.9	-3.3946	rs2175754(-3.399) rs2479106(-3.361) rs1752164(-3.33) rs1752166(-3.33) rs617162(-3.244) rs543070(4.306) rs4836945(3.463) NA
9	122000000	122100000	-3.474	19	16	48.8	-3.28805	rs589299(-3.474) rs589812(-3.474) rs597189(-3.474) rs2041545(-3.425) rs7048592(-3.339) rs3739827(2.784) rs12335840(2.375) NA
9	129800000	129900000	3.119	31	18	7.6	-4.0449	rs11243480(-2.691) rs4740177(-2.353) rs2076(-2.353) rs3857983(-2.33) rs7868479(-2.314) rs11243488(3.119) rs12000632(2.513) 2889	
10	23500000	23600000	-2.614	22	12	11.1	-3.93318	rs1325590(-2.614) rs10828417(-2.614) rs11592314(-2.469) rs4359107(-2.273) rs10828425(-2.261) rs958425(2.601) rs932774(2.396) 387642	
10	33100000	33200000	-2.677	29	21	2.9	-4.54876	rs3003909(-2.677) rs11009106(-2.675) rs11009107(-2.675) rs12412365(-2.675) rs7910732(-2.671) rs2000217(2.156) 79741	3688	
10	42900000	43000000	3.289	25	16	3.4	-4.35736	rs1254968(-2.48) rs2503848(-2.448) rs2503863(-2.421) rs2503881(-2.394) rs2505553(-2.394) rs2505506(3.289) rs2505511(3.27) 5979	221002	55454	
10	55300000	55400000	2.958	30	14	42	-3.404	rs4935502(-2.497) rs4935104(-2.248) rs920526(-2.131) rs2384437(2.958) rs2384424(2.795) rs1975405(2.703) rs2043995(2.703) 65217	
10	55400000	55500000	3.583	24	12	14.8	-3.78471	rs857394(-2.622) rs1342285(-2.622) rs965265(-2.621) rs857392(-2.621) rs1342292(-2.621) rs10509011(3.583) rs7092253(2.987) 65217	
10	75500000	75600000	2.226	24	12	1.7	-4.79958	rs2164367(2.226) rs1904060(2.202) rs2169683(2.202) rs11001052(2.129) rs7100550(2.048) rs1904061(2.043) rs10762615(2.028) 132	
10	94200000	94300000	3.406	17	15	28.3	-3.85259	rs1987017(-2.397) rs10882117(-2.38) rs2490739(-2.339) rs2490741(-2.339) rs11187182(-2.209) rs10882121(3.406) rs7087174(3.387) 54536	
10	94300000	94400000	3.551	23	16	1.3	-4.80791	rs10882125(-2.543) rs7914571(-2.477) rs7085308(-2.477) rs10748585(-2.476) rs4933753(-2.476) rs4508117(3.551) rs10509647(3.467) 54536	
10	94500000	94600000	3.382	18	10	44.1	-3.33817	rs11187308(-2.975) rs11187300(-2.924) rs4918664(-2.924) rs713169(-2.809) rs10882158(-2.761) rs7085051(3.382) rs7907528(2.928) 389997	
10	100600000	100700000	3.722	14	9	1.7	-4.65643	rs4129552(-2.996) rs7093759(-2.996) rs10786522(-2.996) rs10883293(-2.996) rs10786525(-2.969) rs4456193(3.722) 60495	
10	103300000	103400000	3.417	20	13	1.7	-4.7825	rs4919599(-2.695) rs7912503(-2.353) rs10786653(-2.277) rs6584463(-2.269) rs7913468(-2.252) rs10509754(3.417) rs10786655(3.091) 79591	
10	106900000	107000000	4.222	18	15	19.5	-3.66722	rs1459362(-2.879) rs1993642(-2.434) rs1993643(-2.434) rs898256(-2.374) rs1870461(-2.297) rs4918165(4.222) rs7089194(3.016) NA
10	107000000	107100000	3.885	21	10	24.6	-3.54114	rs10884188(-2.645) rs10884185(-2.53) rs10786883(-2.499) rs10884187(-2.45) rs10736180(-2.421) rs2418768(3.885) rs1862054(3.792) NA
10	109400000	109500000	-3.166	20	10	20.8	-3.6272	rs7073564(-3.166) rs2039492(-3.071) rs1125798(-2.879) rs10509859(-2.879) rs10884592(-2.822) NA
10	109700000	109800000	3.379	19	11	30.1	-3.51379	rs167597(-2.187) rs1329513(-2.124) rs1411023(-2.025) rs1887984(-2.025) rs10491019(-2.025) rs2648682(3.379) rs2419003(3.037) NA
11	25000000	25100000	3.766	27	23	34.7	-3.47863	rs1446169(-2.945) rs1867754(-2.932) rs7925791(-2.932) rs3937638(-2.821) rs11028414(-2.815) rs1446201(3.766) rs1562268(3.766) 338645	
11	25300000	25400000	3.039	20	10	14.5	-3.82315	rs7931259(-2.342) rs4528278(-2.183) rs2404097(-2.122) rs2404106(-2.122) rs2404079(-2.11) rs2404091(3.039) rs2404076(3.034) NA
11	38400000	38500000	2.779	29	14	9	-4.07486	rs7102912(-2.678) rs920041(-2.668) rs4755494(-2.604) rs10836975(-2.604) rs1550061(-2.579) rs7947593(2.779) rs7938730(2.308) NA
11	60600000	60700000	3.164	11	7	47.3	-3.07582	rs175133(-2.373) rs757080(-2.318) rs2905495(-2.318) rs3016165(-2.318) rs3016176(-2.318) rs2905503(3.164) 921	
11	66900000	67000000	3.546	21	15	14.5	-3.83624	rs869736(-2.653) rs1638588(-2.628) rs1638556(-2.524) rs1476792(-2.39) rs1790747(-2.329) rs1790753(3.546) rs2302264(3.546) 57175	5790	6199	57571	374403	23529	5883	5499	
11	81000000	81100000	2.519	20	10	9.8	-3.9095	rs10501522(-2.111) rs1945666(2.519) rs1945662(2.519) rs10897852(2.22) rs1540176(2.21) rs2105801(2.189) rs1945670(2.172) NA
12	1200000	1300000	4.279	20	12	13.02	-3.7293	rs7306130(-3.122) rs11061677(-2.979) rs11061679(-2.978) rs11061682(-2.978) rs7980065(-2.67) rs2286031(4.279) rs2286034(2.424) 23085	
12	39600000	39700000	3.195	26	12	18.5	-3.69062	rs880180(-2.375) rs278913(-2.32) rs1056019(-2.239) rs1442193(-2.239) rs7979570(-2.008) rs712134(3.195) rs11179168(2.577) 1272	
12	39800000	39900000	3.376	30	15	17.6	-3.8651	rs4768334(-2.771) rs2163416(-2.72) rs726402(-2.528) rs1627086(-2.506) rs1864611(-2.461) rs7303285(3.376) rs281843(3.156) NA
12	42600000	42700000	3.055	22	11	21.1	-3.67655	rs2897765(-2.028) rs4768060(-2.028) rs6582493(-2.028) rs2407789(3.055) rs7397135(2.791) rs10748388(2.774) rs10785492(2.583) 84216	
12	91600000	91700000	3.187	16	15	47.4	-3.23438	rs11106700(-2.872) rs3203635(-2.862) rs10859369(-2.175) rs2036553(-2.171) rs2083945(-2.105) rs1867420(3.187) rs7958821(2.929) 440107	8411	
13	23200000	23300000	2.904	31	16	7.86	-4.09587	rs1034193(-2.696) rs7987497(-2.54) rs9511513(-2.534) rs7319181(-2.427) rs7997326(-2.422) rs2305369(2.904) rs2305368(2.864) 55835	54513	
13	109400000	109500000	3.296	23	12	72.1	-3.13878	rs9559973(-2.965) rs1888845(-2.705) rs9559969(-2.629) rs7991608(-2.477) rs7998332(-2.245) rs4371035(3.296) rs958378(2.806) 8874	
14	26500000	26600000	2.553	26	15	24.8	-3.84562	rs1952848(2.553) rs1958769(2.553) rs7156321(2.553) rs1958768(2.553) rs1191354(2.468) rs1191373(2.468) rs1007029(2.468) NA
15	33500000	33600000	2.7	20	12	22.6	-3.60725	rs970254(-2.485) rs1443811(-2.485) rs1443825(-2.284) rs8031156(-2.225) rs11073100(-2.096) rs1822530(2.7) rs973480(2.185) 89978	
15	38600000	38700000	2.631	18	10	10.2	-3.82289	rs7167417(-2.477) rs4420508(-2.334) rs7171260(-2.295) rs7177192(-2.295) rs3092978(-2.244) rs3092979(2.631) rs11070286(2.516) 57082	
15	61600000	61700000	3.282	23	22	9.6	-4.00139	rs7175855(-2.995) rs7162473(-2.975) rs1815128(-2.975) rs4283174(-2.764) rs4984252(-2.762) rs10519223(3.282) rs11071759(3.149) 8925	283807	
15	61700000	61800000	3.407	13	13	16.6	-3.79577	rs4411464(-2.583) rs6494428(-2.583) rs7163401(-2.302) rs6494433(-2.134) rs7178111(-2.134) rs6494429(3.407) rs3764186(3.076) 8925	
15	61800000	61900000	2.955	14	11	33.3	-3.46621	rs2053593(-2.69) rs8042418(-2.241) rs4776681(-2.167) rs4984318(-2.134) rs4984317(-2.134) rs8036500(2.955) rs2120252(2.465) 8925	
15	62100000	62200000	3.726	18	15	18.5	-3.79061	rs8032157(-2.864) rs12591947(-2.624) rs749504(-2.478) rs2290119(-2.467) rs11629723(-2.267) rs3816385(3.726) rs2290122(3.585) 6642	84191	5479	53944	
15	80200000	80300000	2.656	14	9	2.4	-4.48864	rs3973890(-2.552) rs4238534(-2.096) rs11630197(-2.053) rs4296215(2.656) rs2134046(2.521) rs8030250(2.392) rs1501367(2.178) 79631	283726	
16	65500000	65600000	3.463	19	15	45.2	-3.29489	rs67302(-2.764) rs254541(-2.764) rs10500526(-2.717) rs461785(-2.683) rs463646(-2.681) rs8057899(3.463) rs4785850(3.144) NA
16	72400000	72500000	3.252	26	20	2.5	-4.57458	rs9936708(-2.876) rs9302639(-2.747) rs9934215(-2.747) rs4278755(-2.747) rs2163067(-2.63) rs2043022(3.252) rs7203205(3.252) NA
16	72500000	72600000	2.775	32	16	3.3	-4.4035	rs10500569(-2.493) rs7203232(-2.159) rs1366846(-2.159) rs292921(-2.09) rs292926(-2.09) rs1429431(2.775) rs292931(2.651) 342374	
16	75300000	75400000	2.776	19	10	40.9	-3.46174	rs2242406(-2.404) rs3743603(-2.377) rs4888437(-2.225) rs3743601(-2.156) rs3851741(-2.129) rs9934159(2.776) rs8060972(2.747) 4166	23563	11345	
17	4100000	4200000	2.911	25	11	17.92	-3.90428	rs781831(-2.294) rs2603029(-2.293) rs2727061(-2.113) rs897026(-2.11) rs2254021(-2.108) rs781858(2.911) rs1878332(2.503) 23140	
17	28400000	28500000	3.055	14	11	1.7	-4.72393	rs4533340(-2.066) rs12600855(-2.066) rs4328498(-2.062) rs12150261(-2.013) rs4075014(-2.013) rs4077465(3.055) rs3936006(3.055) 85464	374786	
17	28500000	28600000	3.293	20	14	5.2	-4.39335	rs8065059(-2.497) rs4581755(-2.404) rs4350617(-2.404) rs8082175(-2.404) rs4795529(3.293) rs4294864(3.259) rs9898353(3.098) 374786	84081	
17	28600000	28700000	3.152	21	11	24.4	-3.63314	rs12602065(-2.238) rs7222685(3.152) rs4427857(3.098) rs9908901(3.098) rs9902340(3.098) rs4470197(3.098) rs4429345(3.098) 6532	84081	
17	48900000	49000000	3.431	22	12	25	-3.536	rs2428684(-3.239) rs3760407(-2.525) rs4794148(-2.478) rs3760413(-2.452) rs1015562(-2.12) rs1010319(3.431) rs917029(3.139) 55379	64132	146956	80221	51264	
17	49000000	49100000	3.659	24	18	54.2	-3.31296	rs9890721(-2.901) rs2306002(-2.666) rs736911(-2.504) rs7217948(-2.478) rs2412324(-2.478) rs3826439(3.659) rs2412322(3.631) 55316	80221	1101	84073	55040	
17	61700000	61800000	3.153	15	13	8.4	-3.97673	rs2460110(-2.45) rs1860660(-2.224) rs2447455(-2.174) rs2447454(-2.174) rs6504156(-2.174) rs4968755(3.153) rs1518774(3.151) 26115	
18	13000000	13100000	2.759	21	11	2	-4.60171	rs473808(-2.339) rs6505778(-2.303) rs3737379(-2.238) rs8097038(-2.061) rs578208(-2.012) rs12960349(2.759) rs2282542(2.224) NA
18	29400000	29500000	2.641	30	13	17.6	-3.7482	rs1552234(-2.279) rs4444409(-2.277) rs1941706(-2.269) rs1981360(-2.264) rs1941702(-2.26) rs4799707(2.641) rs11081816(2.591) 80816	
18	30300000	30400000	3.355	40	20	33.3	-3.50468	rs4332811(-2.296) rs9953682(3.355) rs7234562(2.493) rs2509595(2.203) rs2469899(2.203) rs2439858(2.203) rs2439861(2.203) 1837	
18	62400000	62500000	2.845	43	19	15.6	-3.82742	rs2155897(-2.65) rs2040213(-2.62) rs505930(-2.322) rs569772(-2.322) rs1546010(-2.319) rs2212852(2.845) rs2212851(2.844) NA
20	34600000	34700000	4.116	21	20	10.8	-4.04605	rs6060371(-3.108) rs4911494(-2.898) rs4911491(-2.898) rs6088813(-2.898) rs6141548(-2.898) rs1540927(4.116) rs6142358(4.032) 55245	
20	34700000	34800000	3.979	22	22	14.1	-3.88936	rs6142376(-3.008) rs6088823(-2.915) rs6087704(-2.915) rs6142379(-2.915) rs1886691(-2.898) rs6060402(3.979) rs6060431(3.507) 8200	11190	55245	
20	34800000	34900000	3.707	15	12	17.3	-3.74013	rs224378(-2.857) rs224440(-2.795) rs224390(-2.654) rs2236161(-2.654) rs1886695(-2.624) rs6060442(3.707) rs4281980(3.707) 11190	343705	140696	80307	140873	51614	
20	34900000	35000000	3.413	14	12	12.8	-3.86457	rs6121026(-3.06) rs3787168(-3.051) rs6120995(-2.624) rs6058276(-2.624) rs6058290(-2.434) rs738703(3.413) rs6060518(2.995) 8904	10137	9054	
20	35100000	35200000	2.924	13	8	14.3	-3.79277	rs6060656(-2.773) rs2425165(-2.761) rs6058344(-2.745) rs2425151(-2.675) rs3787169(-2.015) rs8116836(2.924) rs2064511(2.853) 51230	140692	
20	35200000	35300000	-2.816	18	13	26.2	-3.59267	rs6060717(-2.816) rs6060723(-2.738) rs6060729(-2.738) rs6058363(-2.682) rs6088971(-2.644) rs2050930(2.537) rs6058387(2.441) 51230	140894	51282	
22	23000000	23100000	3.024	28	12	2.36	-4.64057	rs5760352(-2.665) rs5760342(-2.657) rs5751847(-2.657) rs5760332(-2.654) rs12106584(-2.654) rs9624456(3.024) rs2298379(3.011) 23384	
22	34800000	34900000	3.679	43	19	134.9	-2.90179	rs132659(-2.755) rs132649(-2.718) rs1807672(-2.687) rs916336(-2.659) rs2239831(-2.659) rs916337(3.679) rs2413386(3.679) 80833	80832	23780	
22	37900000	38000000	3.446	38	19	51.4	-3.25242	rs2014842(-2.826) rs2076125(-2.811) rs971964(-2.696) rs5757611(-2.626) rs968451(-2.433) rs137602(3.446) rs470082(2.351) 116938	6122	9145	116936	116937	
X	103800000	103900000	3.15149	18	11	37.8898	-3.16633	rs1297242(-2.32384) rs410721(-2.28913) rs762871(-2.28913) rs400049(-2.28913) rs6523853(-2.27525) rs388055(3.16751) rs366955(3.16157) 203447	
X	152900000	153000000	2.94373	18	18	25.7015	-3.41006	NA
X	13900000	14000000	2.74928	25	14	15.7896	-3.74336	rs2283708(-2.18661) rs3027341(-2.18661) rs2283709(-2.18661) rs989011(-2.15042) rs2214276(-2.00221) rs2074212(2.75111) rs2074207(2.75111) 2742	
X	136100000	136200000	3.33665	34	19	34.5025	-3.7385	rs5976073(-2.57687) rs5976076(-2.57687) rs1487917(-2.53884) rs7049566(3.33665) rs7052068(3.33665) rs5976084(3.17029) rs12116002(3.11046) NA
