1	2300000	2400000	-3.555	21	14	38.66	-3.39076	rs4310388(-3.555) rs6667605(-3.079) rs2236396(-2.515) rs2477707(-2.201) rs2494603(-2.041) rs10797433(3.289) rs3748816(2.942) 8764	115110	55229	9651	388585	388586	79258	440555	
1	40000000	40100000	4.073	26	10	8.7	-4.00415	rs10493088(-3.355) rs6700807(-2.543) rs12085717(-2.342) rs6670779(-2.261) rs4542204(4.073) rs7521146(3.886) rs7529068(3.886) 6018	441883	
1	92200000	92300000	-3.207	23	11	2.6	-4.52174	rs7520275(-3.207) rs1542685(-3.167) rs10875349(-3.167) rs6663278(-3.158) rs6702267(-3.158) 11146	79871	
1	113600000	113700000	-2.87	20	10	8.2	-4.0419	rs1775759(-2.87) rs2040041(-2.661) rs6537798(-2.632) rs2476599(-2.341) rs1217375(-2.341) rs2476600(2.538) rs1217379(2.521) 54665	26191	10745	
1	158200000	158300000	3.504	17	12	43	-3.33188	rs11265550(-3.406) rs1556259(-2.863) rs7546890(-2.425) rs4233365(-2.394) rs4656985(-2.394) rs1411614(3.504) rs4656978(3.286) 81607	7391	50848	257106	5202	126823	
1	222100000	222200000	2.797	25	17	2	-4.80528	rs7512983(-2.747) rs2501152(-2.727) rs2449317(-2.573) rs2489318(-2.562) rs2489319(-2.562) rs1482279(2.797) rs2489322(2.794) 200095	
2	21300000	21400000	3.444	22	17	8.4	-3.89182	rs486246(-2.735) rs483621(-2.648) rs506585(-2.648) rs522963(-2.639) rs529697(-2.639) rs494315(3.444) rs486139(3.435) 388929	
2	21700000	21800000	-3.876	34	31	29.6	-3.48762	rs10865471(-3.876) rs10197373(-3.599) rs2113623(-3.586) rs956046(-3.531) rs4665932(-3.488) rs2288150(2.95) rs972733(2.646) NA
2	24700000	24800000	-5.158	20	15	7.2	-4.13005	rs995647(-5.158) rs4665705(-5.088) rs995648(-4.619) rs959200(-4.387) rs7586018(-4.129) rs1545255(3.82) rs1992499(2.744) NA
2	24800000	24900000	-4.504	16	12	5.3	-4.23538	rs2119120(-4.504) rs12467454(-4.272) rs7561414(-4.254) rs6739622(-4.054) rs11125744(-3.979) rs4665712(3.268) rs920418(2.808) 8648	
2	24900000	25000000	-4.51	19	15	12.6	-4.05058	rs7593430(-4.51) rs3928467(-4.237) rs6739575(-4.229) rs6545699(-4.229) rs6759752(-3.615) rs2083389(2.554) rs10495750(2.419) 8648	79172	391356	
2	41600000	41700000	3.385	26	15	23.2	-3.63565	rs7596089(-3.086) rs6544418(-2.93) rs1396135(-2.622) rs1039756(-2.576) rs4952477(-2.423) rs7573497(3.385) rs1396147(2.698) NA
2	64300000	64400000	-2.924	24	15	46.6	-3.28704	rs2028149(-2.924) rs1973848(-2.848) rs6718082(-2.806) rs6546058(-2.732) rs3919686(-2.402) rs6717575(2.914) rs717382(2.85) 57162	
2	69500000	69600000	3.954	13	8	20.5	-3.85023	rs6742733(-3.162) rs4473430(-3.137) rs5013338(-2.923) rs4078089(-2.923) rs10167510(3.954) rs6546505(3.758) rs6747247(3.533) 2673	
2	72700000	72800000	-2.855	22	10	8.6	-4.00614	rs10496185(-2.855) rs6546777(-2.159) rs11126370(-2.155) rs6739768(2.785) rs10865391(2.531) rs4852878(2.42) rs7604083(2.363) 23233	
2	78400000	78500000	4.332	21	11	13.4	-3.83695	rs6547194(-3.143) rs1464993(-3.136) rs1358138(-2.907) rs1405270(-2.6) rs6743486(-2.6) rs1837144(4.332) rs2839828(3.314) NA
2	78500000	78600000	-3.007	25	11	18.3	-3.7216	rs2198676(-3.007) rs1526386(-2.916) rs6758372(-2.844) rs1526396(-2.796) rs1526388(-2.56) NA
2	86700000	86800000	3.625	26	10	10.1	-3.93027	rs7562493(-2.976) rs7608800(-2.735) rs6740863(-2.631) rs1030887(-2.62) rs966477(-2.082) rs1437614(3.625) rs4114423(2.297) 51652	
2	88900000	89000000	2.746	18	9	2	-4.60878	rs10165070(-2.357) rs7559093(-2.328) rs6742972(-2.32) rs7603862(-2.198) rs335115(-2.094) rs6745982(2.746) rs6742845(2.746) 22934	
2	98400000	98500000	3.574	19	11	33.8	-3.47937	rs4608580(-2.844) rs4851122(-2.701) rs4132464(-2.642) rs4632400(-2.524) rs7588222(-2.491) rs7606220(3.574) rs4374424(3.565) 200403	
2	99500000	99600000	3.24	32	14	2.5	-4.60166	rs2309618(-2.929) rs11902994(-2.533) rs11683651(-2.525) rs6708861(-2.517) rs7571202(-2.413) rs3811555(3.24) rs13017871(3.124) 129530	9669	10190	
2	99600000	99700000	-2.838	34	17	5.2	-4.31126	rs10496336(-2.838) rs7558074(-2.719) rs1376443(-2.622) rs7591212(-2.608) rs7574135(-2.49) 51455	9669	
2	182700000	182800000	-3.309	36	21	39.2	-3.36828	rs2696354(-3.309) rs2696342(-3.175) rs2696353(-2.992) rs2583003(-2.976) rs1441159(-2.943) rs2254197(3.091) rs2583012(2.995) 442060	375298	4760	
2	186900000	187000000	2.824	24	13	5.8	-4.14192	rs4667062(-2.467) rs4343438(-2.044) rs4405718(2.824) rs10165206(2.812) rs12474127(2.811) rs10192246(2.811) rs4536613(2.786) NA
2	187300000	187400000	-2.611	19	10	2.4	-4.60795	rs13409734(-2.611) rs6704957(-2.542) rs3107406(-2.533) rs6744814(-2.511) rs4530331(-2.511) NA
2	193300000	193400000	3.396	30	18	26.1	-3.5705	rs1446417(-2.77) rs2884069(-2.511) rs6739550(-2.511) rs2218553(-2.501) rs1348769(-2.501) rs1374247(3.396) rs1446415(3.396) NA
2	195000000	195100000	-4.283	27	22	14	-3.86085	rs7565687(-4.283) rs6434646(-3.668) rs1850595(-3.666) rs1304557(-3.666) rs1829341(-3.666) rs4850505(3.465) rs10201256(2.475) NA
2	195100000	195200000	4.659	35	32	12.8	-3.90171	rs4558599(-4.041) rs1996472(-3.984) rs2176514(-3.798) rs10205492(-3.771) rs1401055(-3.671) rs6434659(4.659) rs7577717(4.157) 343981	
2	195200000	195300000	-3.908	43	31	25.2	-3.57686	rs6434681(-3.908) rs1518219(-3.863) rs1568244(-3.814) rs6710933(-3.814) rs6434663(-3.784) rs6721672(2.138) rs4850515(2.075) NA
2	195300000	195400000	-3.374	26	15	27.9	-3.51288	rs4414694(-3.374) rs7588199(-2.703) rs7571472(-2.504) rs10187541(-2.503) rs4273241(-2.315) rs10177538(2.519) rs1376704(2.035) NA
2	201100000	201200000	3.452	22	10	8.8	-4.01164	rs203763(-3.393) rs4497857(-2.836) rs3115423(-2.824) rs3115418(-2.822) rs3094757(-2.821) rs993282(3.452) rs3115413(2.373) NA
2	201300000	201400000	3.292	25	10	17.2	-3.7282	rs295137(-3.263) rs295114(-2.897) rs295149(-2.743) rs296818(-2.741) rs159321(-2.72) rs4145969(3.292) 26010	
2	203700000	203800000	3.698	24	11	10.1	-3.93192	rs10197549(-3.304) rs13427168(-2.601) rs13420328(-2.379) rs13411787(3.698) rs9288330(3.593) rs6741177(3.142) rs6741288(3.142) 150864	
2	225900000	226000000	2.928	28	12	13	-3.89161	rs6742408(-2.557) rs13421552(-2.076) rs11903344(2.928) rs6436514(2.781) rs6713674(2.611) rs10193574(2.611) rs7577271(2.509) 55619	
3	4500000	4600000	3.598	29	14	125.16	-2.86731	rs304028(-2.696) rs304026(-2.444) rs304073(-2.346) rs304041(-2.302) rs304078(-2.237) rs304074(3.598) rs304029(3.244) 3708	401048	
3	46000000	46100000	3.992	14	10	18.4	-3.70693	rs2102055(-3.044) rs9311384(-2.132) rs1388602(-2.015) rs2230322(3.992) rs7374088(3.763) rs7642229(3.652) rs4411920(3.106) 2829	401062	
3	56500000	56600000	-4.225	14	9	15.3	-3.75536	rs7373244(-4.225) rs9985253(-4.143) rs2054988(-3.561) rs13094234(-3.503) rs10222449(-2.318) rs13075010(2.915) rs13073181(2.605) 285331	
3	56600000	56700000	-4.705	27	17	8.8	-4.08741	rs10865999(-4.705) rs2317133(-4.582) rs2291499(-4.4) rs11130536(-3.994) rs10212341(-3.672) rs4681904(4.449) rs7615818(4.158) 23272	285331	
3	65400000	65500000	3.017	16	10	23.9	-3.53356	rs1524966(-2.3) rs1524977(-2.279) rs9836598(-2.231) rs13082932(-2.189) rs11711657(-2.023) rs7641222(3.017) rs2372066(2.841) 9223	
3	86500000	86600000	3.846	16	11	16.4	-3.74913	rs1908297(-3.151) rs7617821(-3.053) rs1389714(-3.052) rs4855154(-2.586) rs6795064(-2.162) rs9839873(3.846) rs6804348(2.251) NA
3	108500000	108600000	-3.015	33	15	36.9	-3.43742	rs6781000(-3.015) rs6769923(-2.711) rs9880129(-2.657) rs960062(-2.539) rs559698(-2.491) rs594649(2.507) rs619984(2.454) 56987	
3	122000000	122100000	-3.743	27	21	0.2	-5.73667	rs6809201(-3.743) rs1523507(-3.13) rs1688684(-3.004) rs589682(-2.753) rs9866053(-2.752) rs1920549(3.002) rs9835107(2.922) 9515	
3	122100000	122200000	-3.843	29	18	1	-4.99469	rs3845851(-3.843) rs7645582(-2.926) rs6775508(-2.708) rs3914738(-2.357) rs6807328(-2.322) rs2331514(3.084) rs7428254(2.98) 9515	
3	122200000	122300000	-2.838	22	10	1.3	-4.81173	rs338969(-2.838) rs173087(-2.796) rs338973(-2.796) rs1191296(-2.68) rs339000(-2.619) 9515	
3	146500000	146600000	-3.269	37	22	26.5	-3.58651	rs6764045(-3.269) rs10513261(-3.166) rs1879980(-3.158) rs2101091(-3.158) rs686865(-2.643) rs1585942(2.884) rs1881922(2.822) NA
3	161800000	161900000	-2.625	18	12	21.8	-3.65111	rs718757(-2.625) rs7618832(-2.596) rs10513553(-2.591) rs6799058(-2.48) rs9814394(-2.474) rs6768524(2.526) rs12494732(2.284) 151742	
3	165000000	165100000	-2.531	26	10	6.6	-4.21538	rs7610128(-2.531) rs6770461(-2.336) rs9884081(2.263) rs4404449(2.169) rs9857236(2.169) rs2181198(2.146) rs1853260(2.143) NA
3	165100000	165200000	3.13	27	21	2	-4.74041	rs1449940(-2.527) rs10936401(-2.514) rs1452160(-2.452) rs12487512(-2.452) rs11711705(-2.429) rs1449921(3.13) rs1375835(3.13) NA
3	179600000	179700000	-3.706	29	12	31.9	-3.49969	rs6443552(-3.706) rs10513757(-3.613) rs2035178(-2.561) rs11918114(-2.493) rs6443549(-2.265) rs7652997(2.968) rs6798240(2.968) 10242	
4	14700000	14800000	3.667	36	21	15	-4.00117	rs2702521(-3.012) rs7442191(-2.883) rs7673375(-2.798) rs4698307(-2.761) rs2604573(-2.64) rs2643093(3.667) rs4525970(3.555) 132864	441009	
4	21600000	21700000	4.083	25	12	33.9	-3.44064	rs10000092(-2.869) rs10155094(-2.869) rs872995(-2.645) rs2323162(-2.118) rs1913335(4.083) rs12512316(4.061) rs12649683(3.277) NA
4	22500000	22600000	-2.77	24	12	48.4	-3.31183	rs183084(-2.77) rs358248(-2.513) rs4697340(-2.148) rs358235(-2.144) rs4697339(-2.135) rs439863(2.195) rs4103518(2.096) 57733	
4	26400000	26500000	-3.106	24	15	4.7	-4.30742	rs4583745(-3.106) rs7667400(-2.94) rs10023756(-2.615) rs260934(-2.511) rs12649671(-2.46) 55296	
4	34300000	34400000	-3.726	40	18	23.6	-3.64298	rs1834390(-3.726) rs10004326(-3.5) rs7690623(-3.213) rs1364914(-2.932) rs1364912(-2.833) rs9306912(2.836) rs11096734(2.727) NA
4	41900000	42000000	2.679	30	13	9.4	-3.96387	rs2660346(-2.664) rs2660322(-2.014) rs6447123(-2.014) rs2660326(2.679) rs2660325(2.679) rs2581424(2.235) rs10805092(2.211) 10463	285429	
4	44600000	44700000	2.94	28	13	4.9	-4.27261	rs1352793(-2.908) rs9291246(-2.225) rs10517118(-2.048) rs6447369(2.94) rs1105851(2.698) rs9291247(2.617) rs1133650(2.587) 132789	60558	
4	46400000	46500000	-3.137	16	12	16.8	-3.73444	rs10031212(-3.137) rs7673243(-2.53) rs6844751(-2.53) rs7439489(-2.387) rs6832204(-2.387) rs10517161(2.701) rs10517162(2.664) NA
4	48400000	48500000	-2.871	22	10	7.6	-4.16327	rs7683398(-2.871) rs7693461(-2.664) rs10938534(-2.658) rs952289(-2.621) rs7679210(-2.545) rs7694862(2.653) rs11727472(2.248) 23045	201780	326340	
4	48600000	48700000	-3.759	26	19	5.2	-4.26769	rs1996422(-3.759) rs1554256(-3.756) rs13142540(-3.586) rs10003273(-3.461) rs1554258(-3.451) rs1517674(3.061) rs7436127(2.794) NA
4	48800000	48900000	-3.74	21	15	14.1	-3.86514	rs10517231(-3.74) rs2085292(-3.729) rs724598(-3.729) rs2247481(-3.723) rs2290516(-3.41) rs2605262(2.569) rs1463367(2.188) 132299	
4	48900000	49000000	-2.35	11	7	7.4	-3.93464	rs4695419(-2.35) rs1350121(-2.077) rs2605238(-2.023) rs2605239(-2.023) rs2605236(-2.023) rs10222924(2.271) rs2605233(2.012) 80157	
4	56200000	56300000	-3.566	29	16	2.5	-4.70676	rs7692461(-3.566) rs4864999(-2.414) rs10517344(-2.414) rs4864542(-2.399) rs10517346(-2.382) rs11133380(2.941) rs3805150(2.941) 55858	9575	
4	107500000	107600000	3.603	11	8	1.8	-4.66891	rs7682646(-2.721) rs6819081(-2.661) rs4600995(-2.56) rs13101612(-2.511) rs12642691(-2.498) rs7673101(3.603) rs7667596(2.13) 93627	
4	108100000	108200000	-2.864	16	14	8	-4.032	rs1373262(-2.864) rs3107436(-2.812) rs964263(-2.791) rs2165973(-2.529) rs1425257(-2.529) NA
4	119100000	119200000	4.134	139	78	48.8	-3.33947	rs7685680(-3.648) rs6857739(-3.431) rs1459537(-3.376) rs4536999(-3.306) rs1870482(-3.261) rs6857006(4.134) rs1459535(4.076) NA
4	133600000	133700000	3.248	19	12	10	-3.98595	rs9993946(-2.945) rs1392014(-2.899) rs2657413(-2.896) rs1876059(-2.823) rs7667592(-2.397) rs1392008(3.248) rs1392007(3.192) NA
4	148700000	148800000	3.721	18	18	15	-3.79928	rs10021391(-2.943) rs6856322(-2.811) rs1507502(-2.725) rs1857979(-2.725) rs1395816(-2.625) rs1366693(3.721) rs1429135(3.719) NA
4	148800000	148900000	3.241	21	11	22.3	-3.65748	rs1366689(-2.782) rs6836670(-2.588) rs2714881(-2.572) rs1346600(-2.426) rs1429112(-2.317) rs1429134(3.241) rs1346598(2.894) NA
4	152900000	153000000	3.261	20	16	1	-4.974	rs2724568(-2.412) rs2709828(-2.385) rs2709844(-2.385) rs2724550(-2.385) rs2709815(-2.385) rs4235219(3.261) rs2724563(3.212) 391705	
4	157600000	157700000	2.992	26	10	55	-3.24569	rs4286588(-2.587) rs4260587(-2.53) rs4129759(-2.086) rs6419277(-2.051) rs4259110(2.992) rs5027023(2.767) rs7441277(2.405) NA
5	15200000	15300000	2.875	23	12	17.7	-3.78322	rs1160025(-2.577) rs301087(-2.35) rs1500232(-2.35) rs10067799(-2.133) rs248144(-2.113) rs1500229(2.875) rs2438384(2.58) NA
5	37300000	37400000	-3.209	22	14	2.9	-4.46182	rs216373(-3.209) rs217783(-3.104) rs56401(-3.054) rs56402(-3.054) rs217775(-3.034) 9631	
5	66800000	66900000	-3.169	19	9	28.1	-3.60574	rs2372048(-3.169) rs4574501(-3.135) rs4976087(-3.004) rs4428371(-2.829) rs6449876(-2.588) rs2888227(2.266) NA
5	66900000	67000000	3.755	25	16	8.8	-4.0514	rs4078050(-2.755) rs6862794(-2.729) rs4976017(-2.67) rs4585396(-2.591) rs4437331(-2.591) rs10085125(3.755) rs6884825(3.457) 206227	
5	82500000	82600000	2.908	25	12	13.3	-3.94456	rs1382367(-2.597) rs6890735(-2.389) rs4591730(-2.127) rs13436667(-2.106) rs4290995(-2.02) rs6452525(2.908) rs6452528(2.549) 7518	
5	101800000	101900000	2.957	24	19	2.1	-4.68221	rs6893723(-2.684) rs1875634(-2.644) rs7356647(-2.194) rs1562960(-2.187) rs2060833(-2.187) rs4703226(2.957) rs1562961(2.957) 133482	
5	109100000	109200000	4.06	26	16	25.2	-3.6085	rs2301004(-3.397) rs2068964(-3.158) rs2043831(-2.966) rs3797689(-2.701) rs10038829(-2.701) rs3797696(4.06) rs952826(3.175) 4124	
5	109200000	109300000	3.73	22	20	32	-3.60255	rs1008661(-3.146) rs2301012(-3.146) rs1946607(-3.051) rs2042165(-3.046) rs2015698(-2.973) rs7737286(3.73) rs7700520(3.601) 4124	153778	
5	109300000	109400000	-3.196	34	20	65.2	-3.16753	rs42924(-3.196) rs28825(-3.099) rs2163762(-2.907) rs36820(-2.598) rs36811(-2.501) rs1030663(2.951) rs36806(2.714) NA
6	27500000	27600000	2.678	32	12	10.8	-4.00753	rs6926142(-2.111) rs764460(2.678) rs6929278(2.678) rs7750795(2.678) rs1883216(2.678) rs2272814(2.678) rs7744110(2.476) 7738	442173	
6	28600000	28700000	3.528	31	18	10	-4.05355	rs409029(-3.236) rs429875(-3.217) rs424426(-3.205) rs404343(-3.034) rs434636(-3.034) rs381493(3.528) rs449074(2.712) 114821	2880	
6	28800000	28900000	-3.391	26	11	9.8	-3.99588	rs7766699(-3.391) rs7767099(-3.391) rs1233579(-2.65) rs1233627(-2.55) rs1233602(-2.362) rs2893973(2.498) rs2765220(2.441) 442181	
6	28900000	29000000	4.066	18	9	3.1	-4.43772	rs3118370(-3.595) rs3135300(-3.595) rs9468444(-3.442) rs2032500(-2.588) rs209126(-2.267) rs3131337(4.066) rs3131093(4.042) 5987	441138	401242	
6	33100000	33200000	4.001	27	13	17.5	-3.61396	rs3117223(-3.179) rs3130190(-2.608) rs2064478(-2.586) rs3117035(-2.179) rs3128917(4.001) rs3117222(3.912) rs2295118(3.448) 441146	442203	1302	3116	3115	
6	48200000	48300000	2.182	28	12	10.3	-4.18625	rs2396856(2.182) rs2496380(2.097) rs2456922(2.092) rs2456918(2.037) rs2456917(2.037) rs2503670(2.037) rs13218640(2.033) 3186	
6	63700000	63800000	2.595	28	18	6.3	-4.13321	rs789947(-2.446) rs9352478(-2.359) rs1341190(-2.356) rs9447939(-2.134) rs1417694(-2.111) rs789950(2.595) rs2185574(2.488) NA
6	71100000	71200000	-2.983	31	12	9.6	-4.18326	rs9455125(-2.983) rs9294873(-2.892) rs9455124(-2.891) rs9455123(-2.573) rs12179945(-2.548) rs9455130(2.694) 57579	389409	441158	
6	72700000	72800000	-3.325	15	10	21.1	-3.62747	rs2770338(-3.325) rs9342920(-2.983) rs1528506(-2.821) rs572918(-2.549) rs489348(-2.331) rs9446555(2.323) 22999	
6	72800000	72900000	-3.392	19	16	16.6	-3.826	rs2496509(-3.392) rs7756429(-3.392) rs2496502(-3.325) rs2463747(-3.3) rs2496504(-3.236) rs2463710(3.362) rs2496551(2.014) 22999	
6	75100000	75200000	3.422	25	10	22.9	-3.62548	rs1853183(-3.072) rs716314(-3.038) rs6932157(-3.015) rs1358880(-2.907) rs9343166(-2.797) rs9350546(3.422) NA
6	100800000	100900000	-2.904	27	12	57	-3.26322	rs1546393(-2.904) rs4840129(-2.772) rs2841308(-2.757) rs1354685(-2.757) rs1553586(-2.386) rs1395121(2.279) rs1506089(2.194) 6492	
6	122400000	122500000	2.975	29	11	6	-4.1741	rs2816135(-2.52) rs2816141(-2.512) rs1379100(-2.49) rs2606614(-2.465) rs2816140(-2.417) rs1379099(2.975) rs6915176(2.789) NA
6	126500000	126600000	3.321	30	17	25	-3.63093	rs613489(-2.854) rs643394(-2.73) rs593284(-2.724) rs636061(-2.46) rs608528(-2.308) rs601587(3.321) rs614433(3.321) 442256	
6	127100000	127200000	2.694	27	12	16.2	-3.75219	rs9398821(-2.208) rs13207064(-2.208) rs6908014(2.694) rs983669(2.627) rs7766269(2.368) rs1543707(2.368) rs2022476(2.282) 389427	
6	130500000	130600000	3.288	23	11	54.7	-3.25904	rs9492489(-2.961) rs4897383(-2.093) rs4897398(3.288) rs10485398(3.273) rs9483093(3.154) rs7739747(3.141) rs6908798(3.035) 154075	
6	130600000	130700000	-3.682	17	13	10	-3.85476	rs9492542(-3.682) rs7753983(-3.492) rs7771106(-3.259) rs6569679(-3.097) rs899276(-2.802) rs7740388(3.169) rs4897413(2.914) NA
6	158600000	158700000	-3.5	30	18	16	-3.8211	rs262831(-3.5) rs1539312(-3.052) rs827861(-2.91) rs10945541(-2.902) rs828001(-2.509) rs3196816(3.153) rs1935435(3.153) 56995	
7	17700000	17800000	-3.014	22	13	43.6	-3.28518	rs1464804(-3.014) rs7802064(-2.709) rs10226084(-2.709) rs6952907(-2.321) rs12669067(-2.271) rs11764965(2.622) rs6966247(2.546) 23161	442285	
7	20100000	20200000	3.34	27	17	59	-3.22919	rs2214442(-3.317) rs3807940(-3.231) rs1023522(-3.188) rs2189300(-3.067) rs3807935(-3.031) rs10486393(3.34) rs3807947(3.34) 3696	
7	65300000	65400000	-2.805	17	15	2.1	-4.66418	rs4718349(-2.805) rs2420591(-2.725) rs6945019(-2.725) rs7789768(-2.725) rs12673810(-2.725) rs6460302(2.329) rs6460304(2.318) 402282	346329	
7	65400000	65500000	3.492	15	11	2.8	-4.58507	rs6460305(-2.715) rs6952407(-2.661) rs10215132(-2.639) rs2302918(-2.501) rs801217(-2.501) rs801191(3.492) rs6947808(3.011) 441245	
7	68500000	68600000	3.065	23	12	0.8	-5.03552	rs2851507(-2.365) rs627981(-2.32) rs2533458(-2.17) rs2851484(-2.17) rs2533430(-2.17) rs2533428(3.065) rs646233(3.063) 26053	
7	89900000	90000000	3.303	22	16	10	-3.95527	rs2157723(-2.703) rs4728921(-2.578) rs7795223(-2.431) rs2027941(-2.291) rs6976601(-2.289) rs2888808(3.303) rs10271241(3.236) 5218	
7	91700000	91800000	-3.635	17	11	15.4	-3.89476	rs2058015(-3.635) rs6942679(-2.958) rs38808(-2.952) rs4727279(-2.567) rs4141273(-2.327) 5189	442333	84060	
7	110400000	110500000	-2.958	22	11	7.4	-4.10059	rs37715(-2.958) rs37733(-2.928) rs37716(-2.849) rs37759(-2.291) rs37754(-2.267) rs37711(2.8) 83943	
7	116600000	116700000	2.866	23	11	6.3	-4.159	rs7810506(-2.264) rs43028(-2.183) rs10249651(-2.173) rs2078967(-2.051) rs6972168(2.866) rs43035(2.813) rs43025(2.504) 1080	136991	
7	117500000	117600000	-3.008	29	12	6.3	-4.1851	rs6959717(-3.008) rs11974023(-2.877) rs2158171(-2.834) rs1859132(-2.502) rs6966935(-2.502) rs41994(2.319) NA
7	117600000	117700000	-3.753	20	11	6.1	-4.269	rs4730861(-3.753) rs7792162(-3.341) rs6977576(-3.281) rs917861(-3.164) rs7791387(-3.078) rs10239533(3.128) rs4727867(2.297) NA
7	118000000	118100000	-3.175	27	10	19.3	-3.68811	rs2699758(-3.175) rs2699760(-3.067) rs2590629(-2.741) rs2699743(-2.741) rs2699720(-2.55) rs2402440(2.604) rs2699721(2.414) NA
7	118600000	118700000	3.341	32	14	9.4	-3.97775	rs1484944(-2.702) rs10252675(-2.127) rs10237339(-2.095) rs6967750(3.341) rs10252934(2.662) rs10229135(2.565) rs10276259(2.562) NA
7	133000000	133100000	3.984	24	20	19.4	-3.68267	rs4129572(-3.625) rs4728302(-3.403) rs2971953(-3.311) rs2971955(-3.228) rs2953617(-3.122) rs2346275(3.984) rs2346270(3.694) 60412	
8	9400000	9500000	4.139	29	15	29.71	-3.5601	rs6601338(-3.587) rs4128198(-3.494) rs6601331(-2.739) rs12681719(-2.739) rs6601327(-2.533) rs4407883(4.139) rs12679892(3.371) 8658	
8	9500000	9600000	4.471	22	17	13.29	-3.84105	rs1394(-3.716) rs11994420(-3.402) rs7015700(-3.196) rs11249931(-3.185) rs12674762(-3.133) rs6990300(4.471) rs11993506(4.251) 8658	
8	9600000	9700000	3.806	25	15	23.84	-3.5854	rs12155819(-3.541) rs4840437(-3.4) rs11785923(-3.064) rs12542912(-3.062) rs6995495(-2.86) rs6994574(3.806) rs4841211(2.834) 8658	
8	49100000	49200000	3.616	35	29	16.4	-3.68771	rs3934732(-2.881) rs4242483(-2.758) rs4242484(-2.758) rs4373544(-2.722) rs6474074(-2.722) rs4130803(3.616) rs3934733(3.519) NA
8	50200000	50300000	-3.193	36	19	13.9	-3.93975	rs6472331(-3.193) rs6472319(-2.899) rs6472322(-2.891) rs7837989(-2.891) rs10504076(-2.87) rs7812710(2.875) rs899759(2.853) NA
8	50600000	50700000	3.428	49	24	8.8	-4.21053	rs7459541(-3.002) rs7842850(-3.001) rs11774783(-2.79) rs7013152(-2.546) rs1496300(-2.366) rs7835425(3.428) rs964850(3.289) NA
8	50700000	50800000	3.299	55	20	16.4	-3.75669	rs2171191(-3.125) rs4873385(-2.82) rs7828036(-2.787) rs7461601(-2.596) rs4644276(-2.588) rs6415621(3.299) rs7465257(2.82) 137133	
8	62200000	62300000	3.526	44	18	29.9	-3.55557	rs3912537(-2.797) rs7013283(-2.733) rs9643526(-2.686) rs1812575(-2.606) rs1812574(-2.606) rs3857973(3.526) rs3852343(3.419) 157807	
8	64300000	64400000	3.209	54	24	16.5	-3.76793	rs6472097(-2.435) rs4131559(-2.422) rs7460898(-2.422) rs7841909(-2.288) rs7459926(-2.277) rs10086812(3.209) rs6472098(3.057) NA
8	76900000	77000000	3.049	41	22	6.8	-4.08673	rs7813575(-2.94) rs6472946(-2.739) rs1381664(-2.697) rs7462338(-2.689) rs1380233(-2.682) rs1031672(3.049) rs7835503(3.029) NA
8	79100000	79200000	-2.175	22	11	9	-3.95818	rs9650262(-2.175) rs4292673(-2.171) rs7837489(-2.167) rs1383837(-2.093) rs1430828(-2.089) NA
8	93800000	93900000	3.278	29	12	15.2	-3.87034	rs6992799(-2.573) rs6998020(-2.573) rs6988350(-2.518) rs7835030(-2.045) rs4735193(-2.014) rs7017710(3.278) rs6991577(2.387) NA
8	104200000	104300000	3.431	45	20	24.8	-3.59882	rs1522712(-3.143) rs6999018(-2.976) rs3104033(-2.946) rs10505042(-2.885) rs3133837(-2.788) rs3808559(3.431) rs827535(2.369) 8323	
8	104500000	104600000	4.122	34	21	2	-4.85862	rs7824892(-4.073) rs7015973(-3.619) rs7460950(-3.461) rs7839383(-3.46) rs10086733(-2.948) rs7825184(4.122) rs7841668(3.988) NA
8	104600000	104700000	4.237	39	26	3	-4.56505	rs7843709(-3.503) rs7843860(-3.503) rs6468886(-3.352) rs7016802(-3.221) rs2111493(-2.074) rs1426296(4.237) rs6985447(4.214) 6896	
8	104700000	104800000	4.014	31	12	2.8	-4.50135	rs6468888(-3.266) rs7832329(-2.824) rs10102149(-2.824) rs10096287(-2.794) rs1496852(-2.443) rs6985107(4.014) rs6468890(3.919) 9699	
8	109100000	109200000	3.003	77	43	8	-4.21827	rs408506(-2.323) rs405534(-2.322) rs609102(-2.266) rs688746(-2.266) rs595266(-2.26) rs677330(3.003) rs597992(2.968) 3646	
8	111300000	111400000	3.191	22	10	6.9	-4.00695	rs7009671(-2.893) rs3946441(-2.701) rs1403841(-2.637) rs1523735(-2.572) rs10505144(-2.49) rs2140474(3.191) NA
8	113700000	113800000	3.073	37	19	9	-4.29135	rs2355824(-2.914) rs7845849(-2.755) rs1549353(-2.179) rs4876293(-2.178) rs1019603(-2.161) rs10505193(3.073) rs7002262(3.055) 114788	
8	114400000	114500000	3.866	30	13	6.9	-4.05977	rs2942842(-3.066) rs2942844(-3.001) rs2927867(-2.854) rs2942836(-2.722) rs2954895(-2.675) rs2954882(3.866) rs4385488(2.496) 114788	
8	133800000	133900000	3.41	48	20	21.1	-3.88973	rs7009180(-2.874) rs7007685(-2.672) rs6471100(-2.579) rs2049883(-2.546) rs2142377(-2.544) rs6471102(3.41) rs2472545(3.375) 7038	51105	
9	24100000	24200000	2.914	37	20	42.7	-3.37495	rs10966239(-2.711) rs1360619(-2.702) rs10124183(-2.697) rs7851445(-2.482) rs7869530(-2.481) rs10966225(2.914) rs1541120(2.523) NA
9	24300000	24400000	-3.358	18	16	13.3	-3.75017	rs10491801(-3.358) rs7858052(-3.307) rs10122762(-3.255) rs1329358(-3.24) rs10121862(-3.229) rs1946475(2.318) rs7039851(2.202) NA
9	24400000	24500000	-3.014	22	12	70.5	-3.11759	rs12336070(-3.014) rs12353302(-2.761) rs10119992(-2.728) rs4977938(-2.636) rs4977939(-2.412) rs7020143(2.825) rs10966313(2.648) NA
9	77200000	77300000	-3.309	34	20	123.7	-2.89724	rs957330(-3.309) rs902907(-3.288) rs10125055(-3.024) rs732027(-2.884) rs7024464(-2.825) rs2769958(3.159) rs2769965(3.011) NA
9	87200000	87300000	-3.015	20	13	14.1	-3.78025	rs1888642(-3.015) rs6559345(-2.983) rs10867158(-2.884) rs4534195(-2.807) rs1331188(-2.571) rs10867160(2.711) 53358	
9	96000000	96100000	-3.881	27	25	22.2	-3.56126	rs2120263(-3.881) rs2282192(-3.858) rs3802475(-3.847) rs3780416(-3.43) rs4631576(-3.047) rs1443436(3.538) rs2417575(3.538) 51531	55363	
9	97200000	97300000	-3.332	37	17	40.8	-3.39119	rs334348(-3.332) rs10739778(-3.28) rs7042852(-3.086) rs334349(-3.029) rs1888223(-2.828) rs334353(3.133) rs1013186(2.657) 7046	1306	
9	98600000	98700000	-2.774	24	12	6.5	-4.11929	rs10819787(-2.774) rs10465148(-2.522) rs2026423(-2.522) rs10989130(-2.414) rs1000477(-2.381) rs2274882(2.523) 8577	
9	113600000	113700000	2.465	30	12	19.7	-3.6857	rs6478171(-2.309) rs7852274(-2.309) rs7848629(-2.268) rs9299225(-2.268) rs9299228(-2.254) rs718019(2.465) rs4978641(2.423) NA
9	118600000	118700000	-3.155	26	16	16.6	-3.71419	rs10818464(-3.155) rs7869290(-2.923) rs10984944(-2.812) rs4837777(-2.642) rs7043614(-2.348) rs3849113(2.434) rs1475664(2.421) 55755	
9	121000000	121100000	3.432	25	14	9.1	-4.00696	rs2024336(-2.635) rs2241064(-2.628) rs2596703(-2.336) rs2251495(-2.194) rs1147322(-2.068) rs7039725(3.432) rs6478585(2.849) 54542	10773	57684	23637	
9	121100000	121200000	3.269	20	18	0.9	-4.9595	rs10122951(-2.889) rs1340038(-2.87) rs7855914(-2.864) rs674625(-2.357) rs624108(-2.351) rs675273(3.269) rs2791438(3.269) 23637	
9	135100000	135200000	-2.976	23	18	25.4	-3.59639	rs3739942(-2.976) rs3739943(-2.976) rs10870140(-2.712) rs2811761(-2.34) rs2784081(-2.338) rs7048473(2.824) rs2784074(2.663) 733	7186	158056	
10	10800000	10900000	-2.984	26	10	52.75	-3.22258	rs2018867(-2.984) rs2399572(-2.787) rs7083333(-2.652) rs12221057(-2.477) rs725024(-2.432) rs2296018(2.944) rs968561(2.45) NA
10	31600000	31700000	3.323	27	17	3.5	-4.48581	rs7905043(-3.115) rs7091882(-2.771) rs161229(-2.666) rs7071431(-2.666) rs7094552(-2.61) rs10826943(3.323) 6935	
10	31700000	31800000	-3.765	29	18	1.7	-4.75941	rs7922958(-3.765) rs161251(-3.266) rs9417881(-3.154) rs7101128(-2.663) rs7902940(-2.649) rs1761380(3.182) rs161253(2.628) 6935	
10	86500000	86600000	3.184	46	16	17	-3.73591	rs1416931(-3.045) rs6585923(-2.606) rs4934071(-2.462) rs1339903(-2.459) rs1538428(-2.356) rs2153369(3.184) rs6585918(2.021) NA
10	101800000	101900000	3.128	13	8	26.8	-3.57777	rs4919458(-2.656) rs3793771(-2.09) rs11190541(-2.069) rs11190573(-2.037) rs10883493(3.128) rs12219789(2.726) rs11817504(2.338) 7479	
10	101900000	102000000	-3.767	22	21	18.7	-3.6805	rs7073586(-3.767) rs3793706(-3.412) rs3750629(-3.223) rs2489034(-2.985) rs11190613(-2.983) rs6584382(3.49) rs12355721(3.022) 25956	55662	4714	7479	
11	38400000	38500000	3.913	18	11	28.7	-3.56356	rs7947593(-3.171) rs1435158(-3.149) rs2861192(-2.744) rs11034751(-2.312) rs1110635(3.913) rs4459283(3.078) rs1030774(2.91) NA
11	46700000	46800000	3.69	16	10	3.1	-4.51213	rs7105052(-3.07) rs7122604(-3.061) rs7108147(-2.897) rs10466476(-2.874) rs7928445(-2.621) rs7115986(3.69) rs11038987(3.583) 2147	9793	
11	46800000	46900000	3.551	19	9	8.2	-4.08474	rs7106323(-2.691) rs4128315(-2.683) rs7128102(-2.151) rs6485700(3.551) rs7943866(2.289) rs3816614(2.289) rs1007738(2.198) 4038	9793	
11	48300000	48400000	-3.15	12	8	1.8	-4.68533	rs7945174(-3.15) rs7949865(-3.068) rs10838880(-2.855) rs1351696(-2.747) rs717897(-2.332) rs1872023(2.451) rs9651621(2.307) 119750	79550	256144	79346	
11	55700000	55800000	-2.505	20	10	1.5	-4.79775	rs10791893(-2.505) rs969595(-2.422) rs2035394(-2.414) rs1905053(-2.205) rs7112815(-2.119) rs2035396(2.079) 81169	219453	282776	219464	
11	59200000	59300000	-3.717	28	13	10.2	-4.10607	rs7116484(-3.717) rs2509290(-2.719) rs518427(-2.585) rs7941643(-2.343) rs1938690(-2.309) rs7126593(3.18) rs498099(2.21) 81340	81343	6809	219988	
11	67000000	67100000	3.397	26	11	19.3	-3.69731	rs949250(-2.586) rs618633(-2.377) rs604540(-2.371) rs1638584(-2.35) rs1790736(-2.325) rs1618605(3.397) rs611697(2.721) 9049	9600	10263	51475	80194	57010	
11	74300000	74400000	-3.873	15	10	3.7	-4.3516	rs3944290(-3.873) rs480840(-3.267) rs7125309(-3.176) rs527529(-2.992) rs10899052(-2.693) 143570	9789	
11	75200000	75300000	-2.9	28	11	11.1	-3.85071	rs3060(-2.9) rs2168947(-2.785) rs10793132(-2.727) rs3740849(-2.592) rs12222542(-2.371) 84649	7405	
12	21000000	21100000	2.931	20	11	25.2	-3.575	rs7970681(-2.29) rs1910186(-2.268) rs2163906(-2.032) rs7397830(2.931) rs1995409(2.89) rs7966346(2.596) rs11837932(2.548) 338821	
12	21800000	21900000	-3.514	17	15	25.8	-3.48824	rs2307023(-3.514) rs1283816(-3.108) rs1283817(-2.941) rs829079(-2.938) rs829060(-2.679) rs1283810(3.204) rs3782667(2.794) 10060	
12	43900000	44000000	-3.371	26	15	12.5	-3.83077	rs728590(-3.371) rs10785566(-3.325) rs1015626(-3.086) rs7304481(-2.988) rs4768085(-2.77) rs7304749(2.826) rs7970619(2.497) 196527	
12	45000000	45100000	-3.4	26	19	21.4	-3.67135	rs1873793(-3.4) rs1471223(-3.247) rs10880966(-2.712) rs6582629(-2.707) rs4768698(-2.666) rs7975820(3.339) rs7135630(3.332) 54407	
12	45300000	45400000	-3.762	18	11	16.4	-3.79367	rs4768740(-3.762) rs2042058(-3.303) rs4768128(-2.959) rs4768744(3.725) rs977069(3.653) rs235621(3.201) rs1314049(3.037) NA
12	67300000	67400000	3.16	20	11	8.3	-4.01395	rs7306485(-2.296) rs7305747(-2.293) rs7971864(-2.254) rs7960275(-2.172) rs7974224(3.16) rs7298734(3.057) rs7971268(3.017) 57122	5908	
12	73600000	73700000	-3.209	23	11	35.9	-3.363	rs10506681(-3.209) rs4331176(-3.149) rs1589967(-2.652) rs1358216(-2.615) rs10161414(-2.26) rs1526803(3.016) rs7311167(2.967) NA
12	76700000	76800000	-3.434	33	14	70.5	-3.12045	rs10859565(-3.434) rs936559(-2.958) rs1479031(-2.739) rs1465033(-2.534) rs1465031(3.297) rs2619062(3.252) rs1725964(3.169) 89795	
12	77900000	78000000	-3.588	23	12	43.1	-3.3793	rs11838060(-3.588) rs11832897(-3.538) rs10506807(-3.277) rs12300068(-3.277) rs11112787(-3.134) rs10506808(2.759) rs1033197(2.499) NA
12	78000000	78100000	4.245	26	26	43	-3.35058	rs961072(-4.025) rs11829888(-3.96) rs1526973(-3.919) rs11112882(-3.685) rs1125109(-3.648) rs10746068(4.245) rs1526968(3.569) NA
12	78100000	78200000	-4.363	31	31	20.8	-3.63339	rs1465054(-4.363) rs1405498(-4.332) rs1245803(-4.125) rs1245841(-4.036) rs2400347(-3.973) rs2037743(4.332) rs7304141(4.324) 6857	
12	78200000	78300000	-3.163	18	11	72.3	-3.131	rs11113612(-3.163) rs10746114(-2.77) rs998163(-2.565) rs7961760(-2.338) rs1921024(-2.29) rs941136(2.315) rs2400395(2.312) 6857	
12	78400000	78500000	-3.7	16	10	14.3	-3.80938	rs10778678(-3.7) rs11114157(-3.313) rs10506816(-3.086) rs955574(-2.349) rs12230772(3.536) rs11114189(3.451) rs12306147(2.888) 338756	5074	
12	78500000	78600000	-4.647	20	18	17.7	-3.7099	rs10862006(-4.647) rs10862007(-4.004) rs2463168(-3.998) rs7979987(-3.924) rs10778686(-3.726) rs11114218(3.262) rs7134813(3.185) 5074	
12	81100000	81200000	-3.591	26	10	25.9	-3.53919	rs10506867(-3.591) rs2401063(-3.507) rs2401053(-3.437) rs6539659(-2.479) rs4491327(-2.371) rs4444159(3.35) rs10778881(3.067) NA
12	81200000	81300000	3.222	30	24	12.8	-3.8627	rs10862482(-2.953) rs10746244(-2.942) rs4495950(-2.872) rs4882527(-2.776) rs10735453(-2.624) rs4545630(3.222) rs7954460(3.185) 29080	84190	
12	81300000	81400000	-4.041	30	17	9.6	-3.9776	rs4143188(-4.041) rs2401034(-2.434) rs7972368(-2.357) rs2717446(-2.341) rs7296996(-2.307) rs4143187(3.274) rs7297164(3.248) 84190	
12	81400000	81500000	3.373	22	12	24.1	-3.58327	rs1494025(-3.015) rs11115292(-2.784) rs1565801(-2.784) rs2403011(-2.727) rs7962987(-2.678) rs2896434(3.373) NA
12	86000000	86100000	3.254	12	8	5.8	-4.14125	rs12310504(-2.703) rs2053092(-2.578) rs1583313(-2.578) rs2053091(-2.057) rs10858563(-2.047) rs1326736(3.254) rs1409597(2.716) NA
12	111100000	111200000	2.504	27	16	1.5	-4.84778	rs12309786(-2.35) rs11066232(-2.188) rs10492015(-2.188) rs4767615(-2.188) rs2285808(-2.182) rs10850025(2.504) rs11066230(2.502) 283450	
13	24600000	24700000	2.881	33	22	9.7	-4.02745	rs1175703(-2.728) rs2420182(-2.606) rs7322113(-2.32) rs9319288(-2.039) rs9581600(-2.036) rs7325618(2.881) rs7986841(2.871) 441657	1024	
13	46300000	46400000	3.364	24	15	5.8	-4.17933	rs7989231(-2.807) rs7997802(-2.59) rs7325189(-2.514) rs9526434(-2.494) rs9534912(-2.494) rs7998116(3.364) rs7990266(3.364) 8803	
13	50400000	50500000	-3.466	23	12	5.1	-4.24209	rs2408554(-3.466) rs11148242(-3.466) rs2408547(-3.12) rs6650384(-3.019) rs9535861(-2.973) rs2897964(2.648) rs4497567(2.464) 387927	341676	9724	
13	50700000	50800000	4.876	17	13	3.9	-4.39524	rs9536046(-4.15) rs4886077(-3.753) rs6561665(-3.604) rs9596648(-3.486) rs9526890(-2.587) rs3803264(4.876) rs7987115(2.496) 55901	51028	
13	55400000	55500000	-3.839	23	21	9.4	-3.99387	rs528157(-3.839) rs561839(-3.839) rs9563460(-3.472) rs4322543(-3.309) rs790328(-3.049) rs577241(3.749) rs9527585(3.199) NA
13	55600000	55700000	-3.627	16	10	6.5	-4.13544	rs566105(-3.627) rs7983551(-3.089) rs4516104(-3.056) rs9569656(-3.056) rs10492705(3.37) rs3850082(3.315) rs9316911(3.228) NA
13	55700000	55800000	3.558	14	10	6	-4.23207	rs7325897(-3.498) rs9591814(-3.256) rs9527647(-3.042) rs9537728(-2.771) rs9537733(-2.702) rs9537735(3.558) rs9569676(3.401) NA
13	60500000	60600000	2.985	25	12	15	-3.88416	rs9528504(-2.888) rs7981054(-2.501) rs7323089(-2.133) rs308655(-2.104) rs1948884(-2.017) rs9528485(2.985) rs950159(2.793) NA
13	63300000	63400000	3.123	31	12	6.5	-4.18181	rs9598904(-2.588) rs9317477(-2.546) rs7983770(-2.324) rs11148662(-2.091) rs10507718(-2.068) rs2324687(3.123) rs9598909(3.005) 122199	
13	66100000	66200000	3.639	26	11	12.1	-3.79565	rs1014830(-2.702) rs2786265(-2.696) rs2786259(-2.487) rs1415506(-2.462) rs2786260(-2.379) rs1335958(3.639) rs1414527(2.218) NA
13	74000000	74100000	3.048	35	17	38.7	-3.44534	rs9544028(-2.836) rs4885336(-2.418) rs9544024(-2.118) rs9544021(-2.074) rs9530459(-2.011) rs9318370(3.048) rs9573628(2.897) 4008	
13	74100000	74200000	-3.417	28	19	23.6	-3.59521	rs7983875(-3.417) rs7991448(-3.081) rs4885349(-2.902) rs9573658(-2.902) rs552030(-2.845) rs528783(3.228) rs504273(3.027) 4008	
13	86800000	86900000	3.087	21	10	17.5	-3.71976	rs7319397(-2.872) rs9521107(-2.823) rs12020278(-2.822) rs4112208(-2.684) rs9514979(-2.434) rs9559491(3.087) rs8002849(2.928) 387940	
14	30200000	30300000	4.388	18	14	20.23	-3.692	rs970488(-3.053) rs1982013(-3.053) rs4981906(-2.294) rs6571466(-2.19) rs6571467(-2.19) rs7143532(4.388) rs7158021(3.364) 80224	
14	34000000	34100000	-4.551	18	12	3.7	-4.51222	rs2022738(-4.551) rs11625294(-4.344) rs10137922(-3.13) rs10135673(-3.017) rs2899839(-2.939) 253959	
14	34100000	34200000	-3.296	23	12	2.3	-4.68613	rs4982302(-3.296) rs11851148(-3.286) rs1957830(-3.211) rs2274068(-3.211) rs6571727(-3.186) 253959	
14	34200000	34300000	-3.102	18	10	4.6	-4.43533	rs10143092(-3.102) rs10129696(-3.08) rs1009920(-3.062) rs4981302(-3.062) rs4982308(-2.761) 253959	84312	
14	46800000	46900000	-3.827	26	14	30.3	-3.50735	rs1769522(-3.827) rs12589623(-3.227) rs10132526(-2.492) rs1440394(-2.302) rs1837551(-2.117) rs1371793(3.679) rs10134003(2.544) NA
14	58400000	58500000	2.864	21	11	5.2	-4.32357	rs219410(-2.428) rs219387(-2.264) rs150684(-2.116) rs219349(-2.039) rs219392(-2.029) rs219397(2.864) rs219323(2.529) 341883	
14	58500000	58600000	2.897	28	16	4.1	-4.39286	rs462258(-2.431) rs167437(-2.099) rs95427(-2.025) rs309006(2.897) rs309004(2.897) rs160238(2.584) rs308995(2.582) 341883	64430	
14	58600000	58700000	3.2	25	15	21.2	-3.82048	rs11847955(-2.53) rs170055(-2.426) rs216528(-2.373) rs445692(-2.092) rs413015(-2.092) rs177615(3.2) rs409866(2.906) 326617	51635	
14	58800000	58900000	3.217	19	11	4.6	-4.26937	rs1254275(-2.458) rs1254319(-2.196) rs1254251(-2.07) rs1266416(-2.07) rs1314343(3.217) rs941716(3.216) rs1254293(3.178) 112846	317761	
14	65700000	65800000	3.299	23	14	2	-4.68722	rs1073607(-2.934) rs1535491(-2.344) rs1318914(-2.341) rs10140817(-2.336) rs10151464(-2.336) rs10459453(3.299) rs2146230(3.252) 64398	51382	
14	102400000	102500000	-3.362	24	11	4	-4.32017	rs10147923(-3.362) rs10143389(-3.323) rs4900604(-3.264) rs11851097(-2.658) rs4906402(-2.391) rs7143739(3.018) rs11160773(2.918) 122402	
15	54200000	54300000	2.701	26	10	8.8	-4.18935	rs10851604(-2.409) rs10518843(-2.396) rs1879347(-2.396) rs10518839(-2.366) rs12594941(-2.34) rs10518842(2.701) rs2414468(2.384) 390586	
15	54300000	54400000	-2.676	21	10	5	-4.27143	rs2725840(-2.676) rs2682017(-2.661) rs1477588(-2.659) rs2460646(-2.35) rs2718921(-2.237) rs2912184(2.503) 374618	
15	73400000	73500000	-3.516	11	8	2	-4.549	rs8024276(-3.516) rs4545784(-2.978) rs4886708(-2.463) rs8028182(-2.444) rs4564532(-2.333) rs4886699(2.903) rs6495174(2.039) 25942	5780	
15	74600000	74700000	-4.237	11	8	2.1	-4.583	rs2468118(-4.237) rs2468122(-3.001) rs280021(-2.807) rs280022(-2.807) rs280019(-2.648) 49855	
15	74700000	74800000	-4.624	17	13	2.1	-4.59524	rs280026(-4.624) rs7350777(-3.905) rs3099144(-3.267) rs7497948(-3.258) rs280027(-3.252) 49855	
15	75300000	75400000	-3.586	19	11	0.7	-5.12832	rs1191196(-3.586) rs6495237(-3.564) rs2175941(-2.897) rs11858641(-2.897) rs4886862(-2.849) NA
16	2500000	2600000	-2.547	11	7	11.18	-3.81691	rs13332060(-2.547) rs9938645(-2.502) rs13331643(-2.394) rs13336495(-2.173) rs7201584(-2.006) rs8057245(2.234) rs8063977(2.149) 5170	51005	527	124216	
16	22900000	23000000	3.422	16	11	64	-3.17656	rs1532781(-3.281) rs7197867(-3.214) rs7206526(-3.057) rs9788864(-2.798) rs4783503(-2.346) rs8045580(3.422) rs1503949(3.019) NA
16	23000000	23100000	-3.053	18	11	13.2	-3.91822	rs9564(-3.053) rs7204783(-2.726) rs7195244(-2.721) rs8055059(-2.387) rs6497650(-2.386) rs9935118(3.026) rs2285393(3.001) 57478	
16	59400000	59500000	3.553	19	9	78.5	-3.10721	rs882854(-3.14) rs40286(-2.48) rs9934111(3.553) rs173759(3.307) rs1500294(3.107) rs10492918(3.107) rs2221747(3.011) NA
17	3700000	3800000	3.67	28	19	62.69	-3.18571	rs161350(-3.121) rs431416(-2.957) rs150857(-2.685) rs594167(-2.148) rs161400(3.67) rs451594(3.599) rs150844(3.43) 5026	23729	7442	1497	30851	
17	3800000	3900000	2.99	26	15	68.91	-3.1025	rs7220026(-2.382) rs1178563(-2.25) rs170213(-2.25) rs9916609(-2.219) rs2915562(-2.1) rs2472023(2.99) rs3744678(2.736) 3682	5026	83903	
17	20200000	20300000	-3.296	13	11	2.9	-4.42662	rs2703807(-3.296) rs2703814(-3.255) rs8080649(-3.22) rs4925090(-3.082) rs8066143(-3.066) rs1971043(2.536) 92521	
17	20300000	20400000	4.583	14	9	2	-4.59557	rs3850780(-3.669) rs757495(-3.219) rs733794(-3.217) rs12938355(-3.016) rs2703781(-2.259) rs10491107(4.583) rs2158472(4.364) NA
18	24400000	24500000	-3.169	58	24	19.7	-3.67166	rs6508555(-3.169) rs4800310(-2.778) rs1539821(-2.778) rs8083405(-2.457) rs1504107(-2.4) rs1394191(3.021) rs7229832(2.838) 390844	
18	28900000	29000000	3.033	33	15	3.8	-4.42221	rs271469(-2.219) rs457510(-2.137) rs166606(-2.124) rs271513(-2.124) rs271514(-2.124) rs271471(3.033) rs394305(2.937) 374864	
18	35300000	35400000	3.191	38	18	19.4	-3.74968	rs1788932(-3.137) rs1791253(-2.925) rs1788922(-2.816) rs1788919(-2.772) rs1788927(-2.697) rs1791244(3.191) rs1482963(3.125) 388474	
18	39200000	39300000	-3.151	58	23	35.1	-3.47464	rs659230(-3.151) rs673025(-2.84) rs654590(-2.607) rs2217811(-2.591) rs2008229(-2.465) rs655953(3.088) rs667062(3.088) NA
18	40900000	41000000	5.152	45	40	40.2	-3.34836	rs12326164(-4.005) rs1450805(-3.821) rs1450813(-3.776) rs4890279(-3.759) rs2051307(-3.553) rs10853530(5.152) rs4890529(3.277) NA
18	64800000	64900000	3.665	70	31	36.3	-3.38783	rs1346934(-2.744) rs930165(-2.493) rs12456513(-2.436) rs3862698(-2.396) rs2163474(-2.337) rs978359(3.665) rs3933569(2.996) 79839	
18	75700000	75800000	3.664	31	13	34.6	-3.41655	rs4074408(-3.373) rs4799096(-2.809) rs4798921(-2.676) rs4354999(-2.676) rs6506788(-2.676) rs4076307(3.664) rs4564647(3.639) 80148	26251	
19	9300000	9400000	2.83	22	13	6	-4.12468	rs2217652(-2.796) rs13535(-2.537) rs10515(-2.512) rs2241356(-2.512) rs2878451(-2.507) rs6512122(2.83) rs2230752(2.362) 10781	84527	7730	
19	19300000	19400000	3.337	21	10	5.1	-4.31452	rs2916074(-2.838) rs2965188(-2.793) rs1009136(-2.54) rs2965180(-2.408) rs1858999(-2.407) rs2965198(3.337) rs2285627(2.875) 23383	
19	21300000	21400000	3.865	18	9	6.5	-3.96611	rs11085447(-3.153) rs7259311(-3.108) rs6511239(-2.935) rs7257857(-2.837) rs2012013(3.865) rs6511243(2.673) rs7258086(2.59) 401905	284443	115648	
19	42700000	42800000	-2.401	18	11	6.8	-4.16339	rs1564208(-2.401) rs10403173(-2.362) rs1975937(-2.33) rs6508736(-2.256) rs4803262(-2.256) rs11083429(2.321) 163255	400692	390927	51276	
19	42800000	42900000	-2.527	21	10	4.6	-4.32962	rs2287229(-2.527) rs10402671(-2.447) rs2909098(-2.382) rs2927746(-2.33) rs2927739(-2.33) rs958305(2.219) rs11083432(2.136) 84775	400693	163115	
19	43500000	43600000	-4.053	13	8	35.9	-3.28746	rs2270095(-4.053) rs12609878(-3.584) rs12459746(-3.263) rs2270094(-3.151) rs2286475(-2.906) rs3745964(3.882) rs3745956(3.25) 57828	5714	115727	388538	147965	
19	47000000	47100000	2.914	22	11	27.8	-3.55114	rs8113339(-2.353) rs6509003(-2.325) rs8106505(-2.267) rs12104228(2.914) rs10853755(2.687) rs8113686(2.592) rs882520(2.578) 9138	6223	1084	973	147719	388544	63946	
20	1500000	1600000	3.729	19	13	53.98	-3.25474	rs3848788(-3.229) rs2256240(-2.839) rs6110353(-2.731) rs1535882(-2.167) rs6110342(-2.003) rs6034039(3.729) rs6079527(3.618) 10326	128646	441937	
20	2000000	2100000	3.203	24	13	58.86	-3.20817	rs6081944(-2.863) rs6046629(-2.551) rs2211325(-2.512) rs1341814(-2.487) rs7269557(-2.454) rs7267144(3.203) rs6081979(3.056) 140695	140901	
20	35000000	35100000	2.884	18	11	13.6	-3.86622	rs2425083(-2.825) rs2425131(-2.343) rs3827029(-2.343) rs2425122(-2.305) rs2425120(-2.286) rs2425138(2.884) rs6058322(2.666) 9584	51230	140826	
20	38000000	38100000	-3.337	26	10	47.5	-3.33215	rs2245231(-3.337) rs6027727(2.849) rs2250474(2.769) rs2144537(2.575) rs2252554(2.292) rs2748665(2.292) rs6092933(2.224) 79913	
20	38100000	38200000	2.679	22	12	62.1	-3.23509	rs6065078(-2.382) rs4812272(-2.375) rs4812325(-2.164) rs1006945(-2.044) rs1474973(-2.019) rs208820(2.679) rs6417367(2.565) 26051	
20	38400000	38500000	2.825	16	11	25.5	-3.53375	rs742652(-2.645) rs6124117(-2.538) rs6124110(-2.417) rs6129200(-2.37) rs1883750(-2.295) rs6124114(2.825) rs6129182(2.695) NA
20	48000000	48100000	2.567	18	9	38.9	-3.4535	rs6019387(-2.297) rs2426090(-2.13) rs6019418(-2.084) rs6063312(2.567) rs1998287(2.538) rs4810865(2.128) rs6012521(2.128) 57580	
21	24600000	24700000	4.249	23	16	16.3	-3.46048	rs2105521(-3.993) rs7276879(-3.419) rs1892778(-2.953) rs2828986(-2.681) rs2828984(-2.681) rs991336(4.249) rs6516614(4.147) NA
21	29500000	29600000	-3.626	21	12	18.4	-3.74814	rs1153280(-3.626) rs2832262(-3.238) rs10460703(-3.05) rs2832276(-2.875) rs2178888(-2.809) rs4315609(2.846) rs2832257(2.168) 571	391277	
21	29600000	29700000	-4.068	20	17	22	-3.6138	rs411697(-4.068) rs117214(-3.446) rs2832309(-3.234) rs379592(-3.212) rs425989(-3.172) rs3918353(3.921) rs2832300(3.31) 571	
21	43100000	43200000	-3.23	29	13	43.2	-3.59859	rs7276320(-3.23) rs6586250(-3.006) rs2839589(-2.195) rs7282594(-2.195) rs6586351(-2.186) rs884153(3.037) rs1107831(2.884) 10785	4731	
21	45400000	45500000	3.776	40	19	29.8	-3.471	rs2246081(-3.4) rs421716(-3.392) rs2838813(-3.266) rs2838800(-3.045) rs2838815(-3.04) rs377902(3.776) rs397092(3.454) 104	
21	46100000	46200000	3.542	50	18	38.9	-3.41026	rs741954(-2.903) rs743351(-2.891) rs1547240(-2.632) rs2839013(-2.488) rs2839044(-2.461) rs4819168(3.542) rs2075908(3.438) 54039	
21	46600000	46700000	3.464	29	12	5.5	-4.20503	rs11909799(-2.632) rs881923(-2.391) rs2839246(-2.203) rs2839214(-2.127) rs2839213(-2.126) rs7277175(3.464) rs2839248(3.104) 5116	
22	17700000	17800000	4.34	35	23	6.83	-4.12734	rs1210711(-2.884) rs986703(-2.72) rs2238763(-2.602) rs9306217(-2.327) rs5748165(-2.267) rs9618566(4.34) rs3788298(4.026) 64976	7290	
22	26800000	26900000	-3.142	17	11	7.2	-4.00765	rs2092498(-3.142) rs11913017(-3.096) rs11912573(-3.046) rs10483144(-2.971) rs9625405(-2.265) rs9625417(2.736) rs10154425(2.643) 23331	
22	29600000	29700000	3.229	30	22	7.4	-4.4152	rs1003480(-3.011) rs3804085(-2.829) rs4820916(-2.585) rs2240182(-2.565) rs2285918(-2.565) rs7284767(3.229) rs2240183(3.229) 22880	150291	23762	55000	
22	30100000	30200000	-2.796	22	11	17.7	-3.71864	rs4820048(-2.796) rs926928(-2.713) rs6518745(-2.713) rs8140464(-2.713) rs2012451(-2.552) rs738657(2.694) rs3788434(2.112) 4733	56478	
22	34900000	35000000	-2.987	45	18	139.4	-2.90131	rs2413396(-2.987) rs1001293(-2.98) rs5750248(-2.831) rs136144(-2.478) rs3886200(-2.463) rs6000229(2.977) rs2001195(2.975) 4627	23780	8542	
22	39700000	39800000	-3.534	28	12	8.5	-4.09096	rs1983674(-3.534) rs6002267(-3.433) rs2064560(-2.832) rs4820428(-2.824) rs5758223(-2.395) rs5758237(2.627) rs5758238(2.295) 2033	391334	
22	41500000	41600000	4.431	63	30	17.7	-3.72383	rs2076157(-3.983) rs2076158(-3.876) rs909712(-3.796) rs3819676(-3.77) rs738388(-3.515) rs1569511(4.431) rs2267476(3.834) 11252	
X	34600000	34700000	-3.91897	14	11	13.9224	-3.30979	rs5928796(-3.91955) rs1350965(-3.5264) rs5928790(-2.95518) rs1304929(-2.95518) rs5928768(-2.50711) NA
X	34700000	34800000	4.54657	17	13	18.9222	-3.47712	rs5973369(-3.29588) rs4422913(-2.42528) rs6527433(-2.42528) rs1462703(-2.42045) rs5927395(-2.42045) rs5927398(4.54968) NA
X	40500000	40600000	3.80109	14	12	50.7989	-2.8865	rs5917440(-2.63148) rs5918217(-2.50451) rs5918225(-2.41436) rs6651764(-2.34239) rs913602(-2.28261) rs5964022(3.80109) rs12396361(3.27163) 2857	8573	
X	40600000	40700000	3.8301	14	12	61.4477	-2.66943	rs1571848(-2.75489) rs4827287(-2.59944) rs5963276(-2.3633) rs5918232(-2.29566) rs5917444(-2.25651) rs5964051(3.8301) rs5918237(2.97099) 8573	27197	
X	64000000	64100000	3.27609	16	14	39.8763	-3.06844	rs3848896(-3.09694) rs6525037(-2.89926) rs5964477(-2.6426) rs3848894(-2.56693) rs5965077(-2.36209) rs7051425(3.27609) rs5965083(2.86326) 347421	441497	
X	71800000	71900000	2.42873	11	8	0.21311	-5.34227	rs6648378(-2.10616) rs798615(-2.03066) rs4418500(2.42873) rs1858487(2.32566) rs7060427(2.24669) rs1858491(2.22259) rs1858492(2.22259) NA
X	71900000	72000000	2.67792	14	9	0.44469	-4.96543	rs1894271(-2.68047) rs195677(-2.2248) rs7879153(-2.15359) rs7880327(-2.12643) rs6527(2.67792) rs7891967(2.60095) rs7888812(2.60095) 7503	
X	79000000	79100000	-2.86958	13	10	28.9959	-3.69869	rs1166639(-2.86958) rs1166652(-2.85922) rs1166644(-2.72306) rs5913386(-2.58098) rs1937274(-2.50107) rs1166688(2.67898) rs5913393(2.47232) NA
X	34800000	34900000	-3.83639	18	15	12.916	-3.656	rs5973375(-3.83639) rs2029491(-3.5868) rs2171999(-3.37192) rs7062091(-3.35681) rs5973382(-3.02904) rs5971942(3.25815) NA
X	63800000	63900000	3.73581	19	15	6.76588	-3.86368	rs6525004(-3.28102) rs6418388(-2.74815) rs7890113(-2.66633) rs7891044(-2.66633) rs5965009(-2.66633) rs6624812(3.73754) rs7876687(2.84022) 4478	349386	
X	63900000	64000000	4.05775	22	17	32.5461	-3.32786	rs7887261(-2.69699) rs7884867(-2.5578) rs7049985(-2.42602) rs7051160(-2.42602) rs6525022(-2.37644) rs7892438(4.0603) rs5964458(3.16647) 347421	
X	97400000	97500000	-2.61179	19	11	4.80191	-3.93784	rs2245846(-2.61272) rs7053857(-2.47439) rs2474411(-2.44381) rs2207845(-2.44236) rs2474416(-2.43071) rs2498688(2.52348) rs2474414(2.0968) NA
X	100500000	100600000	-2.61302	24	11	45.8578	-3.21933	rs509987(-2.61302) rs6523663(-2.53487) rs524880(-2.46207) rs11795948(-2.28155) rs5945877(-2.25569) 11013	401610	
X	123900000	124000000	2.9046	18	9	34.7756	-3.32572	rs1412691(-2.03592) rs5933252(-2.03592) rs5977804(-2.03592) rs5977900(2.90614) rs5975417(2.84472) rs5977875(2.78266) rs5933263(2.76767) NA
X	131200000	131300000	3.33767	19	10	8.52707	-3.61016	rs5977862(-2.28063) rs7059265(-2.20862) rs6654666(-2.00219) rs6654275(-2.00219) rs6634930(3.33884) rs12687533(3.06668) rs7887463(2.92445) 2239	
X	20000000	20100000	3.20305	30	15	5.69842	-4.03807	rs5990823(-3.05153) rs1900730(-2.75962) rs5950361(-2.63387) rs7886411(-2.42183) rs5990928(3.19863) rs5990924(3.19863) rs1900731(2.61079) NA
X	40400000	40500000	3.4841	26	15	98.9849	-2.8085	rs5918206(-3.00252) rs10482559(-2.61537) rs12353557(-2.61537) rs12353705(-2.61537) rs10521421(-2.5645) rs5964015(3.48599) rs5964020(3.48599) 8573	
X	133400000	133500000	2.98477	26	12	15.9271	-3.50562	rs1818417(-2.53707) rs5975558(-2.32752) rs5929676(-2.18155) rs5930772(-2.18155) rs5930777(-2.18155) rs1027945(2.98654) rs5930770(2.98504) 402426	139587	203522	392548	
