0.000000000000000000e+00
6.230524117135661502e-05
2.492054369131167530e-04
5.606540077781978475e-04
9.965733342533189803e-04
1.556854776103410581e-03
2.241358699447040369e-03
3.049914511556100789e-03
3.982320703371096740e-03
5.038344899721424255e-03
6.217723917238137527e-03
7.520163829944764670e-03
8.945340042509811185e-03
1.049289737114274083e-02
1.216245013211319885e-02
1.395358223787151151e-02
1.586584730074639196e-02
1.789876874419413927e-02
2.005183992157150846e-02
2.232452424240259636e-02
2.471625530610857546e-02
2.722643704316646610e-02
2.985444386366222294e-02
3.259962081320083582e-02
3.546128373613473272e-02
3.843871944606962188e-02
4.153118590360562606e-02
4.473791240126889779e-02
4.805809975558823777e-02
5.149092050626823819e-02
5.503551912240987193e-02
5.869101221572654153e-02
6.245648876070315769e-02
6.633101032164268052e-02
7.031361128654398107e-02
7.440329910775270172e-02
7.859905454932471225e-02
8.289983194104125208e-02
8.730455943901188620e-02
9.181213929280045150e-02
9.642144811900732471e-02
1.011313371812403300e-01
1.059406326764038286e-01
1.108481360272350197e-01
1.158526241810146629e-01
1.209528499143772418e-01
1.261475421441454747e-01
1.314354062441105142e-01
1.368151243676802853e-01
1.422853557763143484e-01
1.478447371736638927e-01
1.534918830453341210e-01
1.592253860041830948e-01
1.650438171410723576e-01
1.709457263809811556e-01
1.769296428443951352e-01
1.829940752138806692e-01
1.891375121057524422e-01
1.953584224467416197e-01
2.016552558555720076e-01
2.080264430293469191e-01
2.144703961346526022e-01
2.209855092032799173e-01
2.275701585324647336e-01
2.342227030895492890e-01
2.409414849209612908e-01
2.477248295654112253e-01
2.545710464712032106e-01
2.614784294175551693e-01
2.684452569398261268e-01
2.754697927585399442e-01
2.825502862121034853e-01
2.896849726931078894e-01
2.968720740881053977e-01
3.041097992207534295e-01
3.113963442982120022e-01
3.187298933606877993e-01
3.261086187340087594e-01
3.335306814851194401e-01
3.409942318803809158e-01
3.484974098465636327e-01
3.560383454344167586e-01
3.636151592846983971e-01
3.712259630965517587e-01
3.788688600981084398e-01
3.865419455192048992e-01
3.942433070660903982e-01
4.019710253980109949e-01
4.097231746055489121e-01
4.174978226906002621e-01
4.252930320478694459e-01
4.331068599477604919e-01
4.409373590205459825e-01
4.487825777416933337e-01
4.566405609182245806e-01
4.645093501759920973e-01
4.723869844477459057e-01
4.802715004618736128e-01
4.881609332316880767e-01
4.960533165451432303e-01
5.039466834548564922e-01
5.118390667683118123e-01
5.197284995381262762e-01
5.276130155522540388e-01
5.354906498240080692e-01
5.433594390817753084e-01
5.512174222583064997e-01
5.590626409794539065e-01
5.668931400522395636e-01
5.747069679521306096e-01
5.825021773093996824e-01
5.902768253944510324e-01
5.980289746019888941e-01
6.057566929339094353e-01
6.134580544807950453e-01
6.211311399018916157e-01
6.287740369034482413e-01
6.363848407153015474e-01
6.439616545655832969e-01
6.515025901534363673e-01
6.590057681196191952e-01
6.664693185148805599e-01
6.738913812659912406e-01
6.812701066393123117e-01
6.886036557017880533e-01
6.958902007792465705e-01
7.031279259118944358e-01
7.103150273068921106e-01
7.174497137878964592e-01
7.245302072414601113e-01
7.315547430601738732e-01
7.385215705824446086e-01
7.454289535287969004e-01
7.522751704345888024e-01
7.590585150790388758e-01
7.657772969104506000e-01
7.724298414675350166e-01
7.790144907967201382e-01
7.855296038653473145e-01
7.919735569706531919e-01
7.983447441444280201e-01
8.046415775532581582e-01
8.108624878942476411e-01
8.170059247861193308e-01
8.230703571556049480e-01
8.290542736190188444e-01
8.349561828589274759e-01
8.407746139958167664e-01
8.465081169546659901e-01
8.521552628263360241e-01
8.577146442236855961e-01
8.631848756323197147e-01
8.685645937558893470e-01
8.738524578558545253e-01
8.790471500856227305e-01
8.841473758189853926e-01
8.891518639727649109e-01
8.940593673235961436e-01
8.988686628187596561e-01
9.035785518809925643e-01
9.081878607071994791e-01
9.126954405609880583e-01
9.171001680589586647e-01
9.214009454506753016e-01
9.255967008922473260e-01
9.296863887134558802e-01
9.336689896783572085e-01
9.375435112392966897e-01
9.413089877842735209e-01
9.449644808775901073e-01
9.485090794937318659e-01
9.519419002444117206e-01
9.552620875987309912e-01
9.584688140963943948e-01
9.615612805539303087e-01
9.645387162638653367e-01
9.674003791867992197e-01
9.701455561363377944e-01
9.727735629568333708e-01
9.752837446938914523e-01
9.776754757575973898e-01
9.799481600784284430e-01
9.821012312558058399e-01
9.841341526992535282e-01
9.860464177621284243e-01
9.878375498678867439e-01
9.895071026288574378e-01
9.910546599574902027e-01
9.924798361700553073e-01
9.937822760827619284e-01
9.949616551002784526e-01
9.960176792966289883e-01
9.969500854884438823e-01
9.977586413005529176e-01
9.984431452238966553e-01
9.990034266657468187e-01
9.994393459922217282e-01
9.997507945630869086e-01
9.999376947588286546e-01
1.000000000000000000e+00
